1	2	2.14572	-387.82	-424.697	9.64844e-17	0.989439	1	9.54654e-17	2
2	2	2.19727	-503.152	-395.493	5.70084e+46	0.98073	1	5.59098e+46	2.19727
3	2	2.47765	-390.577	-571.809	1.95721e-79	0.909723	1	1.78052e-79	2.19727
4	2	1.28681	-339.205	-413.351	6.28967e-33	0.790677	1	4.9731e-33	2.19727
5	2	1.98375	-348.543	-317.542	2.90854e+13	1.01951	1	2.9653e+13	1.98375
6	2	3.01878	-437.835	-523.272	7.85532e-38	0.595223	1	4.67567e-38	1.98375
7	2	1.93495	-inf	-444.975	inf	0.998018	1	inf	1.93495
8	2	3.01393	-426.752	-433.612	0.00104869	0.599348	1	0.000628531	1.93495
9	2	0.0795339	-438.917	-243.854	5.18238e+84	0.158503	1	8.21426e+83	0.0795339
10	2	1.89936	-inf	-520.498	inf	6.29044	1	inf	1.89936
11	2	0.292584	-347.632	-226.871	2.79092e+52	0.233968	1	6.52987e+51	0.292584
12	2	-1.00851	-317.139	-350.722	2.60156e-15	0.0465167	1	1.21016e-16	0.292584
13	2	-1.38053	-265.482	-348.063	1.36658e-36	0.014174	1	1.93699e-38	0.292584
14	2	0.41145	-340.541	-309.23	3.96482e+13	1.21639	1	4.82277e+13	0.41145
15	2	1.70062	-inf	-286.613	inf	3.37681	1	inf	1.70062
16	2	2.19209	-419.531	-440.088	1.18091e-09	1.02672	1	1.21246e-09	1.70062
17	2	2.65526	-358.856	-510.671	1.1681e-66	0.843778	1	9.85619e-67	1.70062
18	2	2.21697	-392.159	-446.964	1.57855e-24	1.02151	1	1.6125e-24	1.70062
19	2	1.86549	-320.105	-439.999	8.51887e-53	1.03642	1	8.82909e-53	1.70062
20	2	1.24429	-396.534	-255.708	1.44493e+61	0.786054	1	1.13579e+61	1.24429
21	2	-1.22676	-258.58	-215.237	6.66391e+18	0.00729586	1	4.86189e+16	-1.22676
22	2	-0.508519	-300.655	-232.885	2.70343e+29	7.8433	1	2.12038e+30	-0.508519
23	2	0.543326	-260.85	-301.493	2.23364e-18	8.04768	1	1.79756e-17	-0.508519
24	2	-0.827546	-338.346	-inf	0	0.426914	1	0	-0.508519
25	2	-1.37605	-inf	-335.812	inf	0.0778846	1	inf	-1.37605
26	2	1.55345	-241.172	-371.72	2.01246e-57	270.199	1	5.43765e-55	-1.37605
27	2	-1.7784	-inf	-335.133	inf	0.237099	1	inf	-1.7784
28	2	1.14982	-411.842	-349.713	9.59962e+26	877.202	1	8.4208e+29	1.14982
29	2	1.94411	-314.165	-439.046	5.82277e-55	1.4331	1	8.34459e-55	1.14982
30	2	-0.214094	-242.847	-291.23	9.70953e-22	0.123723	1	1.2013e-22	1.14982
31	2	3.10272	-inf	-592.941	inf	0.781458	1	inf	3.10272
32	2	3.41609	-610.051	-613.9	0.021286	0.673907	1	0.0143448	3.10272
33	2	1.10648	-585.004	-306.337	1.05561e+121	1.2322	1	1.30072e+121	1.10648
34	2	1.82524	-inf	-398.153	inf	1.46803	1	inf	1.82524
35	2	3.57032	-449.455	-482.84	3.16826e-15	0.295914	1	9.37535e-16	1.82524
36	2	1.83002	-424.472	-376.055	1.0644e+21	1.00082	1	1.06528e+21	1.83002
37	2	1.29787	-inf	-327.108	inf	0.792909	1	inf	1.29787
38	2	1.84911	-312.901	-438.323	3.3867e-55	1.26505	1	4.28434e-55	1.29787
39	2	0.0229634	-409.577	-220.619	1.15767e+82	0.181256	1	2.09835e+81	0.0229634
40	2	0.379087	-293.97	-275.267	1.32604e+08	1.89773	1	2.51647e+08	0.379087
41	2	0.783257	-264.289	-268.56	0.0139613	1.77438	1	0.0247725	0.379087
42	2	-0.0749236	-339.051	-247.848	4.06267e+39	0.432154	1	1.7557e+39	-0.0749236
43	2	-1.08183	-238.571	-363.367	6.3329e-55	0.0745566	1	4.7216e-56	-0.0749236
44	2	-0.529096	-238.373	-inf	0	0.351513	1	0	-0.0749236
45	2	0.918005	-255.225	-268.098	2.56735e-06	4.79367	1	1.23071e-05	-0.0749236
46	2	1.11653	-266.204	-273.711	0.000549251	5.8264	1	0.00320015	-0.0749236
47	2	0.4474	-338.234	-237.888	3.79864e+43	2.57892	1	9.7964e+43	0.4474
48	2	-0.94001	-245.647	-340.562	6.01075e-42	0.0443099	1	2.66336e-43	0.4474
49	2	0.656165	-204.349	-373.715	2.78856e-74	1.35302	1	3.77297e-74	0.4474
50	2	0.815315	-223.659	-304.599	7.05188e-36	1.65457	1	1.16679e-35	0.4474
51	2	-0.954102	-inf	-295.635	inf	0.0425074	1	inf	-0.954102
52	2	-0.484128	-273.228	-inf	0	3.58915	1	0	-0.954102
53	2	-1.41315	-352.53	-391.853	8.36392e-18	0.231906	1	1.93964e-18	-0.954102
54	2	-1.43419	-342.757	-340.38	10.7775	0.215784	1	2.32561	-1.43419
55	2	-1.21241	-371.658	-393.69	2.70014e-10	2.08977	1	5.64268e-10	-1.43419
56	2	-1.90162	-263.247	-371.388	1.08392e-47	0.180058	1	1.95168e-48	-1.43419
57	2	-1.44288	-359.709	-223.859	9.97469e+58	0.970572	1	9.68116e+58	-1.44288
58	2	0.120998	-341.086	-inf	0	64.1602	1	0	-1.44288
59	2	-2.34518	-325.141	-472.545	9.62217e-65	0.0297896	1	2.86641e-66	-1.44288
60	2	-1.62363	-430.11	-inf	0	0.528008	1	0	-1.44288
61	2	-0.293958	-443.998	-274.938	2.64081e+73	26.9932	1	7.12839e+74	-0.293958
62	2	1.06706	-267.894	-443.962	3.42432e-77	8.98843	1	3.07793e-76	-0.293958
63	2	-0.0442261	-259.672	-321.283	1.74856e-27	1.71891	1	3.00562e-27	-0.293958
64	2	-1.45924	-204.225	-328.102	1.58785e-54	0.0350123	1	5.55941e-56	-0.293958
65	2	1.38333	-inf	-354.651	inf	11.4843	1	inf	1.38333
66	2	0.58609	-inf	-281.838	inf	0.445112	1	inf	0.58609
67	2	-0.00541294	-285.628	-254.66	2.813e+13	0.363757	1	1.02325e+13	-0.00541294
68	2	-0.711418	-290.39	-266.73	1.88669e+10	0.189181	1	3.56924e+09	-0.711418
69	2	-1.83346	-inf	-337.953	inf	0.0254302	1	inf	-1.83346
70	2	-0.0650232	-372.537	-269.512	5.5358e+44	184.113	1	1.01921e+47	-0.0650232
71	2	0.377525	-284.076	-316.867	5.73817e-15	2.26132	1	1.29758e-14	-0.0650232
72	2	-0.53864	-249.658	-216.83	1.80629e+14	0.336154	1	6.07193e+13	-0.53864
73	2	-3.00274	-326.907	-580.965	4.60985e-111	9.22187e-05	1	4.25114e-115	-0.53864
74	2	-0.226672	-223.67	-307.315	4.7132e-37	2.10289	1	9.91134e-37	-0.53864
75	2	-0.560719	-233.409	-309.132	1.29986e-33	0.945259	1	1.22871e-33	-0.53864
76	2	-1.7139	-262.272	-440.558	3.72439e-78	0.0253702	1	9.44884e-80	-0.53864
77	2	0.170264	-326.736	-340.98	6.51434e-07	4.70384	1	3.06424e-06	-0.53864
78	2	0.326101	-253.709	-300.201	6.44052e-21	6.18036	1	3.98047e-20	-0.53864
79	2	-0.0742828	-294.853	-278.547	1.20634e+07	2.91836	1	3.52053e+07	-0.0742828
80	2	0.524213	-235.107	-238.477	0.0343719	2.89316	1	0.0994435	-0.0742828
81	2	0.726768	-314.148	-301.281	387248	3.82197	1	1.48005e+06	0.726768
82	2	0.307616	-295.967	-281.5	1.91857e+06	0.537126	1	1.03052e+06	0.307616
83	2	-0.892708	-275.035	-263.676	85802.3	0.063813	1	5475.3	-0.892708
84	2	-0.161497	-268.937	-220.605	9.77868e+20	6.34613	1	6.20568e+21	-0.161497
85	2	-0.661174	-309.549	-246.576	2.2336e+27	0.299725	1	6.69466e+26	-0.661174
86	2	-0.641744	-226.062	-346.587	4.53684e-53	1.05287	1	4.7767e-53	-0.661174
87	2	-0.000333017	-inf	-247.376	inf	4.66579	1	inf	-0.000333017
88	2	0.0639407	-306.846	-inf	0	1.13485	1	0	-0.000333017
89	2	0.897964	-inf	-336.671	inf	4.02862	1	inf	0.897964
90	2	0.627281	-239.628	-335.568	2.15683e-42	0.715384	1	1.54296e-42	0.897964
91	2	0.254875	-295.007	-260.817	7.0606e+14	0.400321	1	2.82651e+14	0.254875
92	2	-0.710128	-324.658	-236.711	1.56648e+38	0.116523	1	1.82531e+37	-0.710128
93	2	-0.255174	-318.832	-251.416	1.89673e+29	3.09408	1	5.86864e+29	-0.255174
94	2	-0.566444	-inf	-264.781	inf	0.472171	1	inf	-0.566444
95	2	-0.464497	-209.886	-240.645	4.37932e-14	1.29233	1	5.65952e-14	-0.566444
96	2	-2.05838	-inf	-477.742	inf	0.00714093	1	inf	-2.05838
97	2	-1.99987	-418.009	-369.184	1.60034e+21	1.26584	1	2.02578e+21	-1.99987
98	2	-1.49633	-401.537	-267.625	1.4357e+58	6.60167	1	9.47799e+58	-1.49633
99	2	-0.356094	-373.714	-241.99	1.61061e+57	28.1229	1	4.52951e+58	-0.356094
100	2	-0.663121	-233.047	-283.236	1.59631e-22	0.462773	1	7.38731e-23	-0.356094
101	2	-0.414416	-263.429	-219.521	1.17203e+19	0.870128	1	1.01982e+19	-0.414416
102	2	-0.175255	-213.02	-273.873	3.73248e-27	1.73124	1	6.46182e-27	-0.414416
103	2	-1.51636	-238.636	-inf	0	0.0380944	1	0	-0.414416
104	2	-2.45094	-262.224	-inf	0	0.000920369	1	0	-0.414416
105	2	0.237485	-inf	-inf	-nan	3.90194	1	-nan	-0.414416
106	2	0.503856	-252.343	-247.839	90.3799	6.02236	1	544.301	0.503856
107	2	-0.185593	-284.029	-249.309	1.19908e+15	0.281061	1	3.37013e+14	-0.185593
108	2	0.251928	-320.015	-210.812	2.66603e+47	2.36441	1	6.30361e+47	0.251928
109	2	0.268739	-219.338	-284.599	4.54464e-29	1.02968	1	4.67951e-29	0.251928
110	2	1.55208	-inf	-412.418	inf	4.16852	1	inf	1.55208
111	2	1.93494	-299.824	-518.708	8.70367e-96	1.10319	1	9.60176e-96	1.55208
112	2	1.92913	-444.566	-330.491	3.4817e+49	1.10275	1	3.83944e+49	1.92913
113	2	1.7004	-356.146	-372.694	6.50227e-08	0.958516	1	6.23252e-08	1.92913
114	2	2.01836	-464.865	-494.075	2.06289e-13	1.00235	1	2.06772e-13	1.92913
115	2	1.56531	-452.491	-366.295	2.71903e+37	0.912135	1	2.48012e+37	1.56531
116	2	2.31173	-358.925	-392.668	2.21592e-15	1.04696	1	2.31997e-15	1.56531
117	2	2.82819	-392.654	-523.986	9.19528e-58	0.779994	1	7.17227e-58	1.56531
118	2	0.694852	-376.479	-309.433	1.31127e+29	0.468965	1	6.14941e+28	0.694852
119	2	2.71044	-257.895	-507.299	4.84213e-109	1.82092	1	8.81713e-109	0.694852
120	2	0.946414	-inf	-250.171	inf	1.34539	1	inf	0.946414
121	2	-0.224295	-271.501	-327.234	6.24537e-25	0.146794	1	9.16785e-26	0.946414
122	2	0.251104	-254.253	-inf	0	0.377457	1	0	0.946414
123	2	1.26671	-341.439	-321.316	5.48355e+08	1.33131	1	7.30029e+08	1.26671
124	2	-0.538267	-278.44	-250.662	1.15826e+12	0.0522069	1	6.04689e+10	-0.538267
125	2	-1.57133	-246.036	-407.457	7.86339e-71	0.0426048	1	3.35018e-72	-0.538267
126	2	-0.244415	-243.838	-inf	0	2.0192	1	0	-0.538267
127	2	-0.668201	-268.199	-361.807	2.2209e-41	0.713018	1	1.58354e-41	-0.538267
128	2	0.0514102	-225.102	-248.339	8.10088e-11	3.75429	1	3.04131e-10	-0.538267
129	2	-1.31548	-263.5	-362.381	1.13837e-43	0.102818	1	1.17046e-44	-0.538267
130	2	0.464567	-inf	-241.132	inf	7.71082	1	inf	0.464567
131	2	-1.18891	-inf	-319.988	inf	0.0201251	1	inf	-1.18891
132	2	-1.85056	-330.505	-340.268	5.75904e-05	0.0974088	1	5.60982e-06	-1.18891
133	2	-1.14967	-215.227	-inf	0	1.13241	1	0	-1.18891
134	2	-2.14374	-262.877	-476.613	1.49851e-93	0.0301749	1	4.52173e-95	-1.18891
135	2	-0.950906	-364.213	-238.623	3.49234e+54	2.07641	1	7.25154e+54	-0.950906
136	2	-1.13187	-249.749	-394.73	1.0856e-63	0.576721	1	6.26087e-64	-0.950906
137	2	-1.53305	-307.169	-338.434	2.64191e-14	0.151483	1	4.00203e-15	-0.950906
138	2	-1.1511	-266.459	-294.065	1.02563e-12	0.542929	1	5.56844e-13	-0.950906
139	2	0.624027	-265.177	-280.418	2.40297e-07	30.1828	1	7.25283e-06	-0.950906
140	2	-2.35031	-329.859	-inf	0	0.006044	1	0	-0.950906
141	2	-2.44806	-318.534	-337.952	3.68936e-09	0.00393169	1	1.45054e-11	-0.950906
142	2	-1.5043	-inf	-382.959	inf	0.167607	1	inf	-1.5043
143	2	0.0108787	-420.686	-357.587	2.53195e+27	64.1841	1	1.62511e+29	0.0108787
144	2	-0.28307	-321.854	-209.85	4.39231e+48	0.53371	1	2.34422e+48	-0.28307
145	2	0.861657	-357.813	-312.709	3.87739e+19	7.08721	1	2.74799e+20	0.861657
146	2	-0.074368	-209.336	-210.582	0.287644	0.222331	1	0.0639522	0.861657
147	2	-0.609881	-231.67	-347.812	3.63314e-51	0.0634295	1	2.30448e-52	0.861657
148	2	0.736171	-263.565	-344.491	7.15139e-36	0.860089	1	6.15084e-36	0.861657
149	2	-0.224627	-inf	-305.565	inf	0.160965	1	inf	-0.224627
150	2	0.118828	-243.575	-198.747	2.94203e+19	2.02401	1	5.95468e+19	0.118828
151	2	0.151442	-335.714	-inf	0	1.06271	1	0	0.118828
152	2	0.49938	-251.861	-inf	0	1.90308	1	0	0.118828
153	2	-1.30263	-inf	-342.308	inf	0.0251151	1	inf	-1.30263
154	2	0.911684	-276.993	-266.408	39549.6	129.214	1	5.11037e+06	0.911684
155	2	0.709844	-342.807	-291.094	2.87553e+22	0.7866	1	2.26189e+22	0.709844
156	2	0.143225	-307.141	-287.706	2.75788e+08	0.410017	1	1.13078e+08	0.143225
157	2	-0.069105	-358.726	-273.473	1.05827e+37	0.659159	1	6.9757e+36	-0.069105
158	2	-1.10392	-269.881	-337.775	3.26465e-30	0.0687992	1	2.24606e-31	-0.069105
159	2	1.98679	-inf	-inf	-nan	8.50378	1	-nan	-0.069105
160	2	-0.646469	-327.338	-222.121	4.95177e+45	0.256327	1	1.26927e+45	-0.646469
161	2	-0.355491	-275.001	-188.119	5.39983e+37	2.07037	1	1.11797e+38	-0.355491
162	2	1.05131	-308.915	-333.848	1.48517e-11	10.2181	1	1.51756e-10	-0.355491
163	2	-0.106106	-255.556	-221.893	4.16848e+14	1.74426	1	7.2709e+14	-0.106106
164	2	0.624596	-310.793	-265.04	7.4153e+19	3.56788	1	2.64569e+20	0.624596
165	2	-0.339996	-191.821	-293.712	5.61073e-45	0.16664	1	9.3497e-46	0.624596
166	2	0.228413	-202.058	-261.305	1.85919e-26	0.536123	1	9.96756e-27	0.624596
167	2	-0.270474	-251.921	-216.919	1.58859e+15	0.195605	1	3.10737e+14	-0.270474
168	2	0.162759	-217.247	-264.546	2.87428e-21	2.43464	1	6.99784e-21	-0.270474
169	2	0.0655642	-208.509	-inf	0	2.0269	1	0	-0.270474
170	2	-0.580376	-228.885	-331.769	2.0805e-45	0.471591	1	9.81146e-46	-0.270474
171	2	-2.07029	-254.657	-394.546	1.76656e-61	0.00332554	1	5.87477e-64	-0.270474
172	2	1.04184	-inf	-331.666	inf	8.31855	1	inf	1.04184
173	2	-0.736658	-275.451	-326.594	6.15371e-23	0.0374178	1	2.30258e-24	1.04184
174	2	0.961073	-270.289	-272.525	0.106823	0.92252	1	0.0985463	1.04184
175	2	1.54127	-289.771	-473.216	2.14189e-80	1.4245	1	3.05114e-80	1.04184
176	2	0.272535	-312.817	-308.289	92.5768	0.355927	1	32.9506	0.272535
177	2	-0.51781	-inf	-245.679	inf	0.186819	1	inf	-0.51781
178	2	0.194849	-366.914	-198.43	1.48458e+73	4.66645	1	6.92774e+73	0.194849
179	2	-1.95942	-253.429	-393.774	1.11927e-61	0.00201079	1	2.25061e-64	0.194849
180	2	0.707588	-333.575	-146.252	2.25561e+81	2.21249	1	4.99053e+81	0.707588
181	2	1.18432	-299.925	-343.255	1.51944e-19	1.65284	1	2.51139e-19	0.707588
182	2	1.20502	-inf	-289.097	inf	1.68062	1	inf	1.20502
183	2	0.369643	-252.016	-276.624	2.05479e-11	0.363116	1	7.46128e-12	1.20502
184	2	-0.61032	-inf	-235.298	inf	0.0454616	1	inf	-0.61032
185	2	-1.77456	-326.936	-409.14	1.99161e-36	0.0243123	1	4.84207e-38	-0.61032
186	2	-1.27474	-282.342	-331.061	6.94153e-22	0.141553	1	9.82594e-23	-0.61032
187	2	-0.378956	-384.168	-303.752	8.40468e+34	1.78099	1	1.49687e+35	-0.378956
188	2	-1.53328	-220.328	-368.105	6.62591e-65	0.0329646	1	2.18421e-66	-0.378956
189	2	-1.97473	-251.331	-361.357	1.64603e-48	0.00628534	1	1.03459e-50	-0.378956
190	2	-0.812599	-274.635	-inf	0	0.324444	1	0	-0.378956
191	2	-0.311133	-234.022	-334.226	3.03233e-44	1.1724	1	3.55509e-44	-0.378956
192	2	0.648114	-221.439	-inf	0	6.79318	1	0	-0.378956
193	2	0.11106	-206.431	-273.911	4.94344e-30	2.8453	1	1.40656e-29	-0.378956
194	2	0.465734	-271.813	-265.737	435.012	5.22122	1	2271.29	0.465734
195	2	0.909317	-238.658	-inf	0	1.78996	1	0	0.465734
196	2	1.54914	-304.369	-343.903	6.77117e-18	2.93101	1	1.98464e-17	0.465734
197	2	0.200342	-304.045	-234.05	2.50131e+30	0.642494	1	1.60708e+30	0.200342
198	2	-2.00289	-258.566	-499.032	3.6875e-105	0.00167458	1	6.175e-108	0.200342
199	2	-0.392269	-inf	-218.218	inf	0.28878	1	inf	-0.392269
200	2	-1.48487	-256.251	-322.676	1.41896e-29	0.0403286	1	5.72244e-31	-0.392269
201	2	0.440033	-240.521	-391.035	4.29058e-66	5.17959	1	2.22234e-65	-0.392269
202	2	-0.87666	-189.28	-249.73	5.58361e-27	0.279121	1	1.5585e-27	-0.392269
203	2	-1.38235	-307.163	-345.145	3.19554e-17	0.0573442	1	1.83246e-18	-0.392269
204	2	0.308683	-201.074	-inf	0	4.18371	1	0	-0.392269
205	2	-0.410152	-219.426	-253.904	1.06278e-15	0.957968	1	1.01811e-15	-0.392269
206	2	1.23108	-274.996	-396.061	2.64087e-53	13.0118	1	3.43624e-52	-0.392269
207	2	-0.306969	-255.576	-181.945	9.49681e+31	1.22192	1	1.16043e+32	-0.306969
208	2	-1.17686	-260.458	-363.901	1.18909e-45	0.0920726	1	1.09482e-46	-0.306969
209	2	-0.503602	-158.017	-inf	0	0.623155	1	0	-0.306969
210	2	-0.40612	-293.077	-222.395	4.97334e+30	0.791635	1	3.93707e+30	-0.40612
211	2	-2.59254	-330.112	-463.277	1.46839e-58	0.000475557	1	6.98305e-62	-0.40612
212	2	-0.297045	-326.853	-306.038	1.09628e+09	1.2924	1	1.41683e+09	-0.297045
213	2	-0.0725614	-287.084	-264.993	3.92437e+09	1.63306	1	6.40871e+09	-0.0725614
214	2	-0.0724163	-inf	-359.237	inf	1.0003	1	inf	-0.0724163
215	2	-0.970449	-223.587	-370.933	1.01975e-64	0.1039	1	1.05952e-65	-0.0724163
216	2	2.57565	-291.264	-597.492	1.01511e-133	7.25555	1	7.36518e-133	-0.0724163
217	2	0.265476	-257.815	-378.262	4.90374e-53	1.9025	1	9.32935e-53	-0.0724163
218	2	-1.55092	-213.321	-359.756	2.53672e-64	0.0156533	1	3.97081e-66	-0.0724163
219	2	0.629191	-289.48	-275.182	1.62022e+06	3.34643	1	5.42196e+06	0.629191
220	2	2.81783	-inf	-393.76	inf	1.83151	1	inf	2.81783
221	2	2.13491	-525.776	-inf	0	1.38447	1	0	2.81783
222	2	2.43785	-500.576	-439.353	3.87952e+26	1.26943	1	4.92476e+26	2.43785
223	2	0.27716	-391.965	-183.803	2.53478e+90	0.249516	1	6.32466e+89	0.27716
224	2	-1.07716	-239.414	-288.435	5.13151e-22	0.0387602	1	1.98899e-23	0.27716
225	2	-1.04784	-215.217	-358.782	4.47362e-63	0.0424014	1	1.89688e-64	0.27716
226	2	-0.2558	-300.467	-274.167	2.64125e+11	0.346377	1	9.14869e+10	-0.2558
227	2	-0.260358	-238.937	-241.694	0.0634953	0.98976	1	0.0628451	-0.2558
228	2	-1.74784	-209.477	-410.627	4.37972e-88	0.0113466	1	4.96948e-90	-0.2558
229	2	-0.683394	-205.542	-346.467	6.26812e-62	0.34785	1	2.18037e-62	-0.2558
230	2	0.222808	-198.518	-250.659	2.26786e-23	2.62508	1	5.9533e-23	-0.2558
231	2	0.113842	-263.025	-290.925	7.64498e-13	2.15011	1	1.64376e-12	-0.2558
232	2	2.07406	-275.268	-373.596	1.97932e-43	12.6997	1	2.51367e-42	-0.2558
233	2	-2.35897	-229.103	-460.909	2.12779e-101	0.000952903	1	2.02757e-104	-0.2558
234	2	-0.20644	-312.985	-293.069	4.4598e+08	1.11642	1	4.97901e+08	-0.20644
235	2	-0.908845	-222.302	-308.715	2.95998e-38	0.165878	1	4.90997e-39	-0.20644
236	2	0.186353	-229.745	-315.123	8.33673e-38	2.20236	1	1.83605e-37	-0.20644
237	2	0.00879066	-205.517	-inf	0	1.57103	1	0	-0.20644
238	2	0.654855	-295.129	-276.78	9.31554e+07	4.61579	1	4.29985e+08	0.654855
239	2	1.87557	-262.413	-399.778	2.20303e-60	2.45215	1	5.40215e-60	0.654855
240	2	2.41998	-303.306	-390.452	1.42262e-38	2.2626	1	3.21883e-38	0.654855
241	2	0.697592	-282.719	-243.895	7.2565e+16	1.05821	1	7.67887e+16	0.697592
242	2	0.149736	-321.048	-219.142	1.80795e+44	0.421639	1	7.62303e+43	0.149736
243	2	0.692126	-246.591	-193.113	1.67943e+23	2.35484	1	3.95478e+23	0.692126
244	2	1.37278	-310.689	-inf	0	1.93202	1	0	0.692126
245	2	-0.800406	-252.869	-320.125	6.18756e-30	0.0466133	1	2.88422e-31	0.692126
246	2	2.90227	-299.907	-431.193	9.62489e-58	1.56553	1	1.5068e-57	0.692126
247	2	0.849281	-207.87	-229.569	3.7699e-10	1.21311	1	4.57331e-10	0.692126
248	2	-0.485989	-342.479	-187.307	2.45752e+67	0.107013	1	2.62987e+66	-0.485989
249	2	-0.573532	-288.08	-273.388	2.40201e+06	0.801345	1	1.92484e+06	-0.573532
250	2	-1.44507	-246.429	-306.341	9.55868e-27	0.0726062	1	6.94019e-28	-0.573532
251	2	-1.44548	-321.416	-346.633	1.1181e-11	0.0725028	1	8.10652e-13	-0.573532
252	2	-0.756259	-267.487	-inf	0	0.614498	1	0	-0.573532
253	2	0.454067	-286.157	-291.558	0.00450967	8.30268	1	0.0374423	-0.573532
254	2	-0.062735	-190.915	-263.147	4.26841e-32	3.26773	1	1.3948e-31	-0.573532
255	2	0.0452955	-327.155	-281.129	9.75185e+19	4.05966	1	3.95891e+20	0.0452955
256	2	0.19973	-232.27	-219.776	266682	1.33636	1	356383	0.19973
257	2	0.819866	-308.204	-318.118	4.94681e-05	2.51967	1	0.000124643	0.19973
258	2	-1.1018	-236.705	-357.216	4.6015e-53	0.0411675	1	1.89432e-54	0.19973
259	2	-0.724355	-inf	-335.083	inf	0.123617	1	inf	-0.724355
260	2	-1.51353	-210.882	-inf	0	0.085315	1	0	-0.724355
261	2	-1.37879	-256.98	-277.596	1.11344e-09	0.135733	1	1.51131e-10	-0.724355
262	2	-0.849909	-339.895	-330.609	10780.4	0.704735	1	7597.3	-0.849909
263	2	0.610408	-321.747	-210.143	2.94499e+48	22.0984	1	6.50797e+49	0.610408
264	2	3.17314	-243.485	-624.903	2.25023e-166	1.31963	1	2.96948e-166	0.610408
265	2	2.15567	-242.94	-436.463	8.99481e-85	2.59443	1	2.33364e-84	0.610408
266	2	-0.971336	-261.599	-inf	0	0.0317795	1	0	0.610408
267	2	-0.484612	-267.976	-336.262	2.20806e-30	0.119892	1	2.64728e-31	0.610408
268	2	1.89323	-201.016	-414.978	1.19453e-93	2.61113	1	3.11907e-93	0.610408
269	2	0.966877	-321.966	-304.192	5.23591e+07	1.54004	1	8.06353e+07	0.966877
270	2	1.56115	-275.087	-284.935	5.28733e-05	1.54864	1	8.18819e-05	0.966877
271	2	2.0847	-332.022	-476.685	1.49167e-63	1.69908	1	2.53447e-63	0.966877
272	2	1.30811	-inf	-347.405	inf	1.34221	1	inf	1.30811
273	2	1.76954	-375.621	-328.201	3.92761e+20	1.23714	1	4.85899e+20	1.76954
274	2	3.15368	-335.902	-484.99	1.78605e-65	0.527858	1	9.42783e-66	1.76954
275	2	2.37445	-362.555	-466.993	4.39611e-46	0.957384	1	4.20876e-46	1.76954
276	2	2.70389	-425.102	-514.161	2.10029e-39	0.80158	1	1.68355e-39	1.76954
277	2	0.770998	-359.452	-271.145	2.24485e+38	0.482552	1	1.08326e+38	0.770998
278	2	0.785225	-329.956	-inf	0	1.01754	1	0	0.770998
279	2	1.03883	-inf	-278.142	inf	1.34085	1	inf	1.03883
280	2	0.54675	-264.685	-267.651	0.0515459	0.552088	1	0.0284579	1.03883
281	2	2.07046	-239.289	-inf	0	1.58318	1	0	1.03883
282	2	2.21848	-362.092	-455.989	1.66392e-41	1.54969	1	2.57855e-41	1.03883
283	2	1.36639	-293.084	-inf	0	1.29847	1	0	1.03883
284	2	2.66728	-inf	-428.531	inf	1.27035	1	inf	2.66728
285	2	3.77188	-412.7	-616.694	2.54943e-89	0.259979	1	6.628e-90	2.66728
286	2	2.566	-428.119	-356.92	8.33702e+30	1.06444	1	8.87428e+30	2.566
287	2	3.03521	-486.846	-480.923	373.653	0.686841	1	256.64	3.03521
288	2	3.35523	-524.159	-484.738	1.31915e+17	0.682159	1	8.99867e+16	3.35523
289	2	2.77389	-563.362	-623.35	8.85845e-27	1.85682	1	1.64485e-26	3.35523
290	2	1.8296	-564.341	-372.443	2.18788e+83	2.46897	1	5.40182e+83	1.8296
291	2	1.66052	-339.748	-325.424	1.66285e+06	0.957812	1	1.5927e+06	1.66052
292	2	2.11446	-383.944	-400.771	4.9188e-08	1.0524	1	5.17654e-08	1.66052
293	2	2.94733	-inf	-519.828	inf	0.676317	1	inf	2.94733
294	2	2.15326	-410.675	-479.893	8.68555e-31	1.54801	1	1.34453e-30	2.94733
295	2	2.2449	-575.147	-468.34	2.43007e+46	1.52003	1	3.69377e+46	2.2449
296	2	2.32846	-463.184	-inf	0	0.976329	1	0	2.2449
297	2	1.17813	-448.428	-inf	0	0.735098	1	0	2.2449
298	2	3.08369	-446.719	-503.196	2.96699e-25	0.572811	1	1.69952e-25	2.2449
299	2	1.38126	-inf	-323.79	inf	0.850924	1	inf	1.38126
300	2	0.969658	-379.334	-234.561	7.48688e+62	0.71221	1	5.33223e+62	0.969658
301	2	1.28733	-306.52	-inf	0	1.31897	1	0	0.969658
302	2	2.16632	-inf	-inf	-nan	1.67694	1	-nan	0.969658
303	2	0.0779646	-271.185	-201.626	1.61915e+30	0.268124	1	4.34132e+29	0.0779646
304	2	1.51007	-350.163	-287.149	2.32778e+27	5.62428	1	1.30921e+28	1.51007
305	2	2.51524	-399.553	-576.055	2.21887e-77	0.987361	1	2.19083e-77	1.51007
306	2	0.418391	-375.396	-inf	0	0.322799	1	0	1.51007
307	2	0.383182	-305.33	-234.135	8.3121e+30	0.305125	1	2.53623e+30	0.383182
308	2	-1.0483	-282.971	-283.474	0.604945	0.0354718	1	0.0214585	0.383182
309	2	1.54338	-229.745	-395.327	1.22637e-72	3.32943	1	4.0831e-72	0.383182
310	2	0.807044	-inf	-286.361	inf	1.8139	1	inf	0.807044
311	2	1.85045	-354.116	-436.441	1.76476e-36	2.01454	1	3.55516e-36	0.807044
312	2	3.0942	-inf	-519.477	inf	1.11956	1	inf	3.0942
313	2	3.76395	-564.371	-inf	0	0.383994	1	0	3.0942
314	2	3.97619	-603.042	-538.983	6.61908e+27	0.2582	1	1.70905e+27	3.97619
315	2	5.40269	-549.447	-653.185	8.85778e-46	0.0215694	1	1.91057e-47	3.97619
316	2	3.38603	-657.343	-596.757	2.05147e+26	2.69694	1	5.53271e+26	3.38603
317	2	2.13997	-517.281	-522.632	0.00473896	2.58763	1	0.0122627	2.13997
318	2	2.41556	-449.364	-498.048	7.18925e-22	0.926308	1	6.65946e-22	2.13997
319	2	1.7797	-inf	-381.133	inf	0.985635	1	inf	1.7797
320	2	-0.481216	-360.184	-272.06	1.87074e+38	0.0471721	1	8.82466e+36	-0.481216
321	2	1.75118	-inf	-397.351	inf	21.0576	1	inf	1.75118
322	2	0.913711	-322.104	-inf	0	0.571749	1	0	1.75118
323	2	2.22355	-inf	-488.045	inf	1.00599	1	inf	2.22355
324	2	0.707354	-429.869	-332.154	2.73793e+42	0.444645	1	1.2174e+42	0.707354
325	2	1.76094	-241.373	-366.007	7.44439e-55	2.24093	1	1.66824e-54	0.707354
326	2	0.354428	-309.539	-247.238	1.14103e+27	0.595421	1	6.79393e+26	0.354428
327	2	0.647185	-226.324	-inf	0	1.551	1	0	0.354428
328	2	1.45439	-277.018	-315.574	1.80025e-17	3.33713	1	6.00767e-17	0.354428
329	2	-0.862423	-243.313	-340.362	7.11798e-43	0.0643911	1	4.58334e-44	0.354428
330	2	0.960049	-249.62	-308.566	2.51108e-26	2.25512	1	5.66279e-26	0.354428
331	2	-0.746614	-305.88	-376.174	2.96426e-31	0.0891005	1	2.64117e-32	0.354428
332	2	1.79538	-188.854	-477.772	3.34694e-126	3.79248	1	1.26932e-125	0.354428
333	2	1.10248	-280.027	-244.123	3.91527e+15	2.58876	1	1.01357e+16	1.10248
334	2	-0.256877	-inf	-193.961	inf	0.117188	1	inf	-0.256877
335	2	-1.88484	-240.888	-265.453	2.14426e-11	0.00674295	1	1.44587e-13	-0.256877
336	2	-1.35221	-255.873	-384.704	1.12107e-56	0.0463331	1	5.19426e-58	-0.256877
337	2	0.605993	-279.17	-325.607	6.80674e-21	4.83132	1	3.28855e-20	-0.256877
338	2	0.224551	-299.859	-251.393	1.11837e+21	2.63963	1	2.95209e+21	0.224551
339	2	-0.405932	-263.016	-283.893	8.5716e-10	0.267631	1	2.29403e-10	0.224551
340	2	1.01902	-270.452	-390.131	1.05698e-52	2.98904	1	3.15935e-52	0.224551
341	2	-0.785045	-290.242	-251.891	4.52423e+16	0.100046	1	4.52629e+15	-0.785045
342	2	0.11125	-278.632	-inf	0	8.12179	1	0	-0.785045
343	2	-2.14725	-338.342	-361.727	6.98075e-11	0.00890091	1	6.2135e-13	-0.785045
344	2	-0.888518	-240.874	-326.226	8.55233e-38	0.745627	1	6.37685e-38	-0.785045
345	2	-1.4874	-268.923	-369.958	1.32135e-44	0.110502	1	1.46012e-45	-0.785045
346	2	-1.24005	-330.817	-402.869	5.1036e-32	0.25392	1	1.29591e-32	-0.785045
347	2	-1.68675	-318.89	-395.085	8.10749e-34	0.0540518	1	4.38224e-35	-0.785045
348	2	-1.05635	-303.894	-inf	0	0.452759	1	0	-0.785045
349	2	-1.60269	-287.054	-452.589	1.28549e-72	0.0734288	1	9.43924e-74	-0.785045
350	2	0.220204	-200.062	-242.536	3.57773e-19	9.91851	1	3.54857e-18	-0.785045
351	2	1.03467	-303.591	-309.73	0.00215724	30.3352	1	0.0654403	-0.785045
352	2	0.531646	-276.983	-332.777	5.87525e-25	16.4481	1	9.66364e-24	-0.785045
353	2	-1.7176	-261.963	-inf	0	0.0482178	1	0	-0.785045
354	2	-0.14795	-297.522	-294.908	13.6504	4.81335	1	65.7041	-0.14795
355	2	-0.301188	-264.089	-207.132	5.44923e+24	0.711139	1	3.87516e+24	-0.301188
356	2	-1.42734	-295.718	-405.313	2.53127e-48	0.0397315	1	1.00571e-49	-0.301188
357	2	-0.317381	-227.31	-242.244	3.26755e-07	0.963296	1	3.14762e-07	-0.301188
358	2	-0.584829	-226.828	-349.937	3.42458e-54	0.500105	1	1.71265e-54	-0.301188
359	2	0.876363	-288.123	-305.106	4.21444e-08	7.51163	1	3.16573e-07	-0.301188
360	2	0.0978855	-303.719	-246.52	6.93324e+24	2.31339	1	1.60393e+25	0.0978855
361	2	0.971909	-238.059	-288.421	1.34251e-22	3.59856	1	4.83111e-22	0.0978855
362	2	1.60861	-277.007	-inf	0	5.65435	1	0	0.0978855
363	2	-0.491678	-315.336	-232.374	1.07094e+36	0.27384	1	2.93266e+35	-0.491678
364	2	0.258021	-inf	-258.625	inf	4.88899	1	inf	0.258021
365	2	-0.0997998	-321.035	-242.441	1.35769e+34	0.502915	1	6.828e+33	-0.0997998
366	2	-0.176472	-325.373	-295.392	1.04835e+13	0.848796	1	8.89835e+12	-0.176472
367	2	0.171144	-243.18	-347.599	4.47975e-46	2.00603	1	8.98652e-46	-0.176472
368	2	1.3653	-302.165	-inf	0	8.73286	1	0	-0.176472
369	2	-0.0158097	-251.697	-182.292	1.38708e+30	1.40042	1	1.9425e+30	-0.0158097
370	2	-1.22977	-255.517	-342.734	1.32433e-38	0.0414209	1	5.48551e-40	-0.0158097
371	2	-0.207713	-301.721	-267.992	4.44579e+14	0.666807	1	2.96448e+14	-0.207713
372	2	-0.166261	-143.108	-314.711	2.97926e-75	1.09489	1	3.26196e-75	-0.207713
373	2	-0.722815	-250.749	-265.456	4.10402e-07	0.28087	1	1.1527e-07	-0.207713
374	2	-0.342182	-216.066	-inf	0	0.736454	1	0	-0.207713
375	2	-0.569188	-206.294	-339.532	1.36643e-58	0.42174	1	5.76278e-59	-0.207713
376	2	-0.899862	-220.872	-295.549	3.69673e-33	0.170742	1	6.31187e-34	-0.207713
377	2	-0.462331	-233.554	-327.912	1.04896e-41	0.551818	1	5.78832e-42	-0.207713
378	2	-1.46953	-303.081	-344.994	6.26972e-19	0.0278249	1	1.74454e-20	-0.207713
379	2	-0.733353	-344.241	-318.175	2.09046e+11	0.27291	1	5.70508e+10	-0.733353
380	2	-1.88063	-293.549	-384.048	4.97762e-40	0.022505	1	1.12021e-41	-0.733353
381	2	-1.55728	-291.659	-404.302	1.20187e-49	0.0749076	1	9.00292e-51	-0.733353
382	2	0.25585	-282.251	-236.761	5.70225e+19	9.15756	1	5.22187e+20	0.25585
383	2	-0.195555	-238.439	-290.021	3.96783e-23	0.410984	1	1.63072e-23	0.25585
384	2	-1.11697	-282.377	-inf	0	0.0355528	1	0	0.25585
385	2	0.527787	-262.859	-257.32	254.59	1.54856	1	394.248	0.527787
386	2	0.443238	-288.072	-256.984	3.17376e+13	0.879812	1	2.79231e+13	0.443238
387	2	-0.133127	-227.934	-339.322	4.21602e-49	0.345293	1	1.45576e-49	0.443238
388	2	0.670679	-158.638	-254.529	2.26375e-42	1.38848	1	3.14316e-42	0.443238
389	2	-0.254104	-280.973	-220.891	1.24033e+26	0.264811	1	3.28454e+25	-0.254104
390	2	1.10278	-228.455	-265.439	8.67251e-17	8.48235	1	7.35632e-16	-0.254104
391	2	-1.20007	-229.099	-321.736	5.86846e-41	0.0757949	1	4.448e-42	-0.254104
392	2	1.25109	-244.827	-273.147	5.02102e-13	9.58362	1	4.81195e-12	-0.254104
393	2	-0.111492	-273.949	-366.102	9.51575e-41	1.36519	1	1.29908e-40	-0.254104
394	2	-0.340431	-270.454	-243.794	3.78585e+11	0.820111	1	3.10482e+11	-0.340431
395	2	-0.349067	-360.179	-304.161	2.12874e+24	0.979953	1	2.08606e+24	-0.349067
396	2	-1.18868	-276.16	-345.742	6.04091e-31	0.0978037	1	5.90823e-32	-0.349067
397	2	-1.5271	-324.963	-341.088	9.92868e-08	0.0313934	1	3.11695e-09	-0.349067
398	2	0.619133	-373.325	-269.3	1.50445e+45	6.084	1	9.15305e+45	0.619133
399	2	2.23461	-290.619	-466.817	3.00812e-77	2.52408	1	7.59272e-77	0.619133
400	2	-0.10096	-261.47	-321.425	9.15891e-27	0.28547	1	2.61459e-27	0.619133
401	2	1.16467	-inf	-319.144	inf	1.83035	1	inf	1.16467
402	2	1.34728	-427.258	-365.024	1.06691e+27	1.14553	1	1.22218e+27	1.34728
403	2	1.40862	-329.355	-437.889	7.31082e-48	1.03889	1	7.59515e-48	1.34728
404	2	0.664621	-449.558	-315.992	1.01646e+58	0.507328	1	5.15679e+57	0.664621
405	2	-0.150188	-inf	-196.736	inf	0.241705	1	inf	-0.150188
406	2	-0.41692	-inf	-inf	-nan	0.543842	1	-nan	-0.150188
407	2	-0.104334	-274.144	-213.195	2.94842e+26	1.10246	1	3.25051e+26	-0.104334
408	2	-0.605826	-264.652	-273.458	0.000149753	0.306956	1	4.59674e-05	-0.104334
409	2	0.719732	-245.855	-201.87	1.26582e+19	4.03323	1	5.10533e+19	0.719732
410	2	1.02705	-338.791	-304.463	8.10298e+14	1.41373	1	1.14554e+15	1.02705
411	2	0.538301	-258.722	-308.579	2.22501e-22	0.55158	1	1.22727e-22	1.02705
412	2	1.23445	-273.308	-408.447	2.04138e-59	1.19755	1	2.44465e-59	1.02705
413	2	-0.275791	-267.022	-250.941	9.63698e+06	0.120476	1	1.16103e+06	-0.275791
414	2	-1.56803	-263.104	-290.336	1.4904e-12	0.0229182	1	3.41573e-14	-0.275791
415	2	-1.7194	-inf	-inf	-nan	0.0132023	1	-nan	-0.275791
416	2	0.963843	-295.07	-272.441	6.72184e+09	7.7897	1	5.23611e+10	0.963843
417	2	0.531755	-343.945	-284.068	1.00996e+26	0.58213	1	5.87926e+25	0.531755
418	2	-1.1962	-233.065	-347.214	2.66558e-50	0.0177747	1	4.73798e-52	0.531755
419	2	0.187935	-252.649	-243.433	10053.8	0.568975	1	5720.38	0.187935
420	2	1.30545	-294.735	-278.446	1.18627e+07	4.05758	1	4.8134e+07	1.30545
421	2	0.882664	-319.174	-275.245	1.19789e+19	0.681802	1	8.16722e+18	0.882664
422	2	1.3764	-342.19	-365.615	6.71255e-11	1.53692	1	1.03167e-10	0.882664
423	2	1.21204	-301.692	-275.496	2.38151e+11	1.36859	1	3.2593e+11	1.21204
424	2	1.5307	-273.639	-329.513	5.42232e-25	1.22179	1	6.62496e-25	1.21204
425	2	1.47846	-392.387	-317.037	5.29869e+32	1.19058	1	6.3085e+32	1.47846
426	2	1.4366	-388.194	-345.308	4.21824e+18	0.977546	1	4.12353e+18	1.4366
427	2	1.63362	-499.277	-313.301	5.87006e+80	1.09592	1	6.43312e+80	1.63362
428	2	0.968175	-304.009	-313.249	9.7086e-05	0.627999	1	6.09699e-05	1.63362
429	2	2.51641	-361.155	-553.661	2.48764e-84	0.93592	1	2.32824e-84	1.63362
430	2	1.66733	-503.661	-390.072	2.14335e+49	1.01185	1	2.16875e+49	1.66733
431	2	2.57116	-inf	-411.814	inf	0.897826	1	inf	2.57116
432	2	4.30367	-498.708	-525.962	1.45729e-12	0.082882	1	1.20783e-13	2.57116
433	2	2.78792	-479.912	-454.731	8.6277e+10	0.863037	1	7.44603e+10	2.78792
434	2	2.71035	-417.016	-509.793	5.09754e-41	1.05983	1	5.40255e-41	2.78792
435	2	4.22911	-inf	-627.291	inf	0.113716	1	inf	4.22911
436	2	3.82597	-529.896	-593.882	1.62642e-28	2.26453	1	3.68309e-28	4.22911
437	2	3.93931	-588.255	-616.952	3.44367e-13	1.8294	1	6.29985e-13	4.22911
438	2	3.94779	-613.805	-618.261	0.0116056	1.79951	1	0.0208844	4.22911
439	2	5.27789	-inf	-inf	-nan	0.0556982	1	-nan	4.22911
440	2	5.01517	-649.897	-inf	0	0.127306	1	0	4.22911
441	2	3.9629	-712.293	-637.153	4.29292e+32	1.74713	1	7.50028e+32	3.9629
442	2	3.42533	-603.709	-459.448	4.48226e+62	2.48608	1	1.11432e+63	3.42533
443	2	2.56791	-507.673	-423.532	3.48501e+36	2.35025	1	8.19062e+36	2.56791
444	2	3.90174	-529.974	-inf	0	0.192619	1	0	2.56791
445	2	3.03215	-402.552	-628.691	6.15205e-99	0.689765	1	4.24347e-99	2.56791
446	2	3.38708	-493.56	-587.94	1.02597e-41	0.449002	1	4.60662e-42	2.56791
447	2	2.96674	-515.611	-539.177	5.82649e-11	0.736365	1	4.29042e-11	2.56791
448	2	2.03156	-583.467	-412.382	2.00187e+74	1.17441	1	2.35102e+74	2.03156
449	2	1.54397	-477.784	-332.428	1.34057e+63	0.90169	1	1.20878e+63	1.54397
450	2	1.03086	-inf	-284.316	inf	0.693754	1	inf	1.03086
451	2	-0.875639	-403.495	-300.993	3.28032e+44	0.0256034	1	8.39873e+42	-0.875639
452	2	-0.591268	-238.051	-259.876	3.32278e-10	2.17562	1	7.22912e-10	-0.875639
453	2	-0.673611	-312.832	-276.079	9.15006e+15	1.75164	1	1.60276e+16	-0.673611
454	2	-1.0919	-304.087	-205.798	4.8568e+42	0.299443	1	1.45434e+42	-1.0919
455	2	1.57617	-317.69	-342.392	1.87034e-11	108.866	1	2.03616e-09	-1.0919
456	2	-1.05354	-339.515	-342.079	0.0770256	1.1251	1	0.0866616	-1.0919
457	2	-1.95401	-267.167	-438.475	3.99883e-75	0.0479709	1	1.91827e-76	-1.0919
458	2	-1.0654	-304.428	-323.476	5.34225e-09	1.085	1	5.79634e-09	-1.0919
459	2	-1.58477	-359.2	-inf	0	0.192942	1	0	-1.0919
460	2	0.494911	-331.858	-202.501	1.51108e+56	38.3702	1	5.79806e+57	0.494911
461	2	-0.696779	-243.455	-296.872	6.32637e-24	0.081785	1	5.17402e-25	0.494911
462	2	0.195651	-inf	-302.457	inf	0.609455	1	inf	0.195651
463	2	-1.87153	-239.28	-inf	0	0.00283271	1	0	0.195651
464	2	0.865995	-236.35	-333.717	5.17656e-43	2.67742	1	1.38598e-42	0.195651
465	2	1.06853	-291.877	-inf	0	3.30032	1	0	0.195651
466	2	0.933547	-321.624	-250.155	1.09377e+31	2.88399	1	3.15442e+31	0.933547
467	2	1.90882	-232.088	-460.164	8.86476e-100	1.75857	1	1.55893e-99	0.933547
468	2	1.58499	-301.72	-318.355	5.96624e-08	1.62019	1	9.66646e-08	0.933547
469	2	0.191192	-278.9	-226.366	6.53894e+22	0.343959	1	2.24913e+22	0.191192
470	2	0.105586	-225.167	-260.101	6.73603e-16	0.853416	1	5.74864e-16	0.191192
471	2	0.50149	-362.077	-333.896	1.73299e+12	1.67051	1	2.89498e+12	0.50149
472	2	1.20278	-292.082	-380.856	2.79194e-39	2.23667	1	6.24465e-39	0.50149
473	2	2.47924	-318.257	-inf	0	2.73992	1	0	0.50149
474	2	-0.314661	-inf	-345.217	inf	0.210965	1	inf	-0.314661
475	2	-1.86368	-265.572	-inf	0	0.00835253	1	0	-0.314661
476	2	0.434676	-inf	-290.499	inf	4.27895	1	inf	0.434676
477	2	0.112196	-315.06	-235.278	4.45499e+34	0.57305	1	2.55293e+34	0.112196
478	2	-0.17255	-250.848	-258.087	0.000718444	0.560973	1	0.000403027	0.112196
479	2	-1.54498	-266.199	-354.893	3.02242e-39	0.0110918	1	3.35241e-41	0.112196
480	2	0.193209	-293.058	-242.873	6.23814e+21	1.16143	1	7.24519e+21	0.193209
481	2	0.309044	-324.534	-302.212	4.94933e+09	1.22456	1	6.06075e+09	0.309044
482	2	-0.0987821	-251.768	-inf	0	0.461729	1	0	0.309044
483	2	-1.17129	-318.41	-inf	0	0.0273542	1	0	0.309044
484	2	-1.15963	-295.745	-342.094	7.43335e-21	0.0283831	1	2.10981e-22	0.309044
485	2	0.0465666	-inf	-304.9	inf	0.619845	1	inf	0.0465666
486	2	0.525862	-inf	-262.185	inf	2.2737	1	inf	0.525862
487	2	0.326783	-229.255	-inf	0	0.731041	1	0	0.525862
488	2	1.6332	-274.345	-475.165	6.09589e-88	2.77117	1	1.68927e-87	0.525862
489	2	-0.777478	-352.766	-217.482	5.66023e+58	0.0626212	1	3.5445e+57	-0.777478
490	2	-0.503573	-211.692	-283.714	5.26467e-32	2.06113	1	1.08512e-31	-0.777478
491	2	-1.7489	-inf	-inf	-nan	0.0420058	1	-nan	-0.777478
492	2	-0.219268	-232.837	-265.097	9.7637e-15	4.03343	1	3.93813e-14	-0.777478
493	2	-2.72766	-266.767	-500.994	1.88971e-102	0.000663367	1	1.25357e-105	-0.777478
494	2	-1.6707	-300.447	-303.723	0.0377896	0.0561451	1	0.0021217	-0.777478
495	2	0.164427	-208.351	-179.319	4.05775e+12	8.78047	1	3.5629e+13	0.164427
496	2	0.717656	-158.444	-322.842	4.00803e-72	2.36898	1	9.49495e-72	0.164427
497	2	-0.647105	-174.055	-299.022	5.341e-55	0.162201	1	8.66315e-56	0.164427
498	2	0.225883	-361.136	-237.103	7.35487e+53	1.1173	1	8.21761e+53	0.225883
499	2	-0.153691	-269.422	-inf	0	0.474523	1	0	0.225883
500	2	-1.26676	-296.826	-360.224	2.92749e-28	0.0232346	1	6.80191e-30	0.225883
501	2	0.491685	-288.113	-294.622	0.00148982	1.54688	1	0.00230457	0.225883
502	2	2.17283	-186.984	-495.986	6.34231e-135	4.75317	1	3.01461e-134	0.225883
503	2	-0.0606981	-285.087	-307.612	1.64993e-10	0.577243	1	9.52411e-11	0.225883
504	2	0.285386	-352.36	-236.394	2.30972e+50	1.10937	1	2.56234e+50	0.285386
505	2	0.326232	-243.872	-259.022	2.63331e-07	1.07165	1	2.82199e-07	0.285386
506	2	0.441712	-212.922	-311.024	2.48274e-43	1.29152	1	3.20651e-43	0.285386
507	2	-0.237377	-260.772	-208.525	4.90307e+22	0.355946	1	1.74523e+22	-0.237377
508	2	-0.258227	-190.591	-244.477	3.96239e-24	0.954215	1	3.78097e-24	-0.237377
509	2	0.871343	-217.197	-270.109	1.04831e-23	6.46235	1	6.77457e-23	-0.237377
510	2	-2.22301	-252.185	-inf	0	0.00163851	1	0	-0.237377
511	2	1.45295	-324.373	-353.872	1.54506e-13	10.5202	1	1.62543e-12	-0.237377
512	2	-1.76138	-279.069	-inf	0	0.0103471	1	0	-0.237377
513	2	-0.0440931	-256.578	-233.498	1.05609e+10	1.51251	1	1.59735e+10	-0.0440931
514	2	1.37042	-227.773	-465.39	6.3733e-104	6.62582	1	4.22283e-103	-0.0440931
515	2	-0.610043	-262.038	-307.204	2.42497e-20	0.267937	1	6.4974e-21	-0.0440931
516	2	0.539572	-337.516	-286.974	8.91596e+21	2.78079	1	2.47934e+22	0.539572
517	2	1.18694	-inf	-387.563	inf	2.08734	1	inf	1.18694
518	2	-0.627725	-378.689	-inf	0	0.0440719	1	0	1.18694
519	2	0.062385	-363.564	-268.175	2.67196e+41	0.212962	1	5.69026e+40	0.062385
520	2	0.995106	-172.227	-190.969	7.24752e-09	3.94429	1	2.85863e-08	0.062385
521	2	-1.24573	-212.099	-343.366	9.79873e-58	0.0337018	1	3.30235e-59	0.062385
522	2	-0.167557	-245.477	-324.911	3.1795e-35	0.623769	1	1.98327e-35	0.062385
523	2	-0.476757	-294.262	-246.699	4.53516e+20	0.304225	1	1.37971e+20	-0.476757
524	2	-0.612803	-343.471	-inf	0	0.707367	1	0	-0.476757
525	2	-1.05831	-230.152	-inf	0	0.199994	1	0	-0.476757
526	2	-2.18332	-inf	-422.651	inf	0.00340363	1	inf	-2.18332
527	2	-3.80234	-460.993	-546.444	7.74652e-38	0.000308589	1	2.39049e-41	-2.18332
528	2	-3.00822	-333.875	-468.092	5.13186e-59	0.0225712	1	1.15832e-60	-2.18332
529	2	-2.86346	-318.553	-553.35	1.06935e-102	0.0461189	1	4.93173e-104	-2.18332
530	2	-3.59086	-352.202	-598.111	1.59662e-107	0.0010294	1	1.64356e-110	-2.18332
531	2	-2.34814	-406.486	-363.907	3.10099e+18	0.495058	1	1.53517e+18	-2.34814
532	2	-3.09034	-453.751	-537.788	3.18308e-37	0.0301182	1	9.58685e-39	-2.34814
533	2	-2.46705	-391.194	-467.656	6.2045e-34	0.592074	1	3.67353e-34	-2.34814
534	2	-1.11246	-443.68	-267.703	2.66489e+76	100.43	1	2.67635e+78	-1.11246
535	2	-2.71443	-354.423	-inf	0	0.00189371	1	0	-1.11246
536	2	-3.25272	-222.5	-522.304	6.26615e-131	0.000129498	1	8.11452e-135	-1.11246
537	2	-1.04145	-324.93	-282.09	4.02781e+18	1.2442	1	5.01141e+18	-1.04145
538	2	-1.49158	-396.613	-260.365	1.48584e+59	0.229845	1	3.41512e+58	-1.49158
539	2	-1.43849	-inf	-338.307	inf	1.20197	1	inf	-1.43849
540	2	-0.857044	-296.441	-221.013	5.72311e+32	6.23541	1	3.56859e+33	-0.857044
541	2	-0.818001	-290.674	-260.951	8.09684e+12	1.11715	1	9.04542e+12	-0.818001
542	2	-0.520797	-298.631	-270.694	1.35786e+12	2.21081	1	3.00197e+12	-0.520797
543	2	0.219836	-279.762	-inf	0	4.91708	1	0	-0.520797
544	2	0.155577	-262.778	-231.811	2.81126e+13	4.37655	1	1.23036e+14	0.155577
545	2	1.73076	-inf	-297.401	inf	5.28411	1	inf	1.73076
546	2	1.84905	-373.95	-360.58	640266	1.02516	1	656377	1.84905
547	2	2.62737	-495.002	-477.372	4.53451e+07	0.830767	1	3.76712e+07	2.62737
548	2	2.98586	-501.932	-inf	0	0.748894	1	0	2.62737
549	2	5.13637	-544.792	-648.168	1.2708e-45	0.00890089	1	1.13113e-47	2.62737
550	2	0.431681	-482.412	-298.968	4.66748e+79	0.355933	1	1.66131e+79	0.431681
551	2	0.863124	-298.891	-195.271	1.00312e+45	1.79242	1	1.79802e+45	0.863124
552	2	1.91624	-211.879	-520.374	1.05333e-134	1.90168	1	2.0031e-134	0.863124
553	2	2.12458	-213.578	-437.471	5.81654e-98	1.89361	1	1.10142e-97	0.863124
554	2	1.68752	-325.964	-inf	0	1.81743	1	0	0.863124
555	2	1.0122	-263.448	-352.887	1.43601e-39	1.1716	1	1.68243e-39	0.863124
556	2	-0.746883	-340.278	-317.548	7.43878e+09	0.0438737	1	3.26367e+08	-0.746883
557	2	0.99223	-217.661	-266.641	5.35077e-22	26.177	1	1.40067e-20	-0.746883
558	2	0.315017	-404.227	-280.535	5.23141e+53	10.5181	1	5.50246e+54	0.315017
559	2	0.204062	-225.639	-282.761	1.55609e-25	0.824389	1	1.28282e-25	0.315017
560	2	0.603339	-234.733	-257.033	2.06583e-10	1.55932	1	3.2213e-10	0.315017
561	2	0.222903	-268.413	-274.092	0.00341681	0.85261	1	0.0029132	0.315017
562	2	1.02597	-inf	-316.017	inf	2.57337	1	inf	1.02597
563	2	1.85308	-289.81	-377.575	7.65802e-39	1.58974	1	1.21743e-38	1.02597
564	2	-0.405123	-353.388	-inf	0	0.0891048	1	0	1.02597
565	2	2.28123	-inf	-464.025	inf	1.54469	1	inf	2.28123
566	2	1.96886	-466.072	-436.087	1.05294e+13	1.03983	1	1.09488e+13	1.96886
567	2	1.09107	-423.071	-253.316	5.29245e+73	0.661935	1	3.50326e+73	1.09107
568	2	1.1237	-333.307	-inf	0	1.02955	1	0	1.09107
569	2	2.43464	-238.045	-433.946	8.34219e-86	1.37522	1	1.14724e-85	1.09107
570	2	1.06718	-341.785	-304.579	1.44067e+16	0.97824	1	1.40932e+16	1.06718
571	2	0.660799	-inf	-315.828	inf	0.630238	1	inf	0.660799
572	2	-0.00923223	-300.161	-225.109	3.93322e+32	0.3257	1	1.28105e+32	-0.00923223
573	2	0.840625	-226.555	-285.618	2.23377e-26	3.84369	1	8.58591e-26	-0.00923223
574	2	-1.70707	-223.533	-inf	0	0.00780733	1	0	-0.00923223
575	2	-1.15304	-261.741	-277.996	8.72294e-08	0.0522186	1	4.555e-09	-0.00923223
576	2	-0.0766125	-235.56	-inf	0	0.871401	1	0	-0.00923223
577	2	0.805812	-249.228	-342.213	4.14104e-41	3.6894	1	1.5278e-40	-0.00923223
578	2	0.573258	-250.139	-281.227	3.15203e-14	2.72022	1	8.5742e-14	-0.00923223
579	2	-0.737072	-283.134	-347.939	7.17694e-29	0.177768	1	1.27583e-29	-0.00923223
580	2	0.0803806	-286.919	-210.342	1.8073e+33	1.19248	1	2.15518e+33	0.0803806
581	2	1.01355	-226.81	-261.229	1.12776e-15	3.88037	1	4.3761e-15	0.0803806
582	2	-0.159253	-238.584	-292.613	3.43191e-24	0.613413	1	2.10518e-24	0.0803806
583	2	1.04157	-273.166	-283.855	2.28006e-05	3.98755	1	9.09185e-05	0.0803806
584	2	-0.249089	-331.335	-270.064	4.07189e+26	0.503218	1	2.04905e+26	-0.249089
585	2	0.143757	-199.962	-246.516	6.05384e-21	2.23979	1	1.35593e-20	-0.249089
586	2	0.0308745	-363.087	-268.78	9.05842e+40	1.80484	1	1.6349e+41	0.0308745
587	2	-0.260126	-273.081	-242.386	2.14166e+13	0.540448	1	1.15745e+13	-0.260126
588	2	-0.926952	-330.665	-250.968	4.09002e+34	0.177384	1	7.25503e+33	-0.926952
589	2	0.422034	-324.412	-198.244	6.227e+54	20.8746	1	1.29986e+56	0.422034
590	2	1.54701	-240.792	-264.73	4.01726e-11	3.13425	1	1.25911e-10	0.422034
591	2	-0.290995	-269.87	-386.635	1.94753e-51	0.251745	1	4.90281e-52	0.422034
592	2	-1.03715	-242.825	-inf	0	0.0344876	1	0	0.422034
593	2	1.47108	-252.298	-308.613	3.49104e-25	3.01956	1	1.05414e-24	0.422034
594	2	-0.771645	-341.694	-221.938	1.02199e+52	0.07457	1	7.62099e+50	-0.771645
595	2	-0.506831	-274.82	-285.674	1.93234e-05	2.01155	1	3.88699e-05	-0.771645
596	2	-3.04554	-277.994	-519.65	1.12191e-105	0.000138075	1	1.54908e-109	-0.771645
597	2	0.65663	-350.413	-275.191	4.65824e+32	18.891	1	8.79988e+33	0.65663
598	2	1.29284	-286.901	-318.945	1.21135e-14	1.91992	1	2.3257e-14	0.65663
599	2	0.693973	-276.402	-286.262	5.21914e-05	1.05071	1	5.48382e-05	0.65663
600	2	0.493441	-210.641	-281.855	1.18062e-31	0.792519	1	9.35664e-32	0.65663
601	2	-0.261902	-270.568	-inf	0	0.190943	1	0	0.65663
602	2	1.51527	-265.233	-inf	0	2.19205	1	0	0.65663
603	2	-0.788835	-284.537	-252.949	5.23293e+13	0.0504649	1	2.64079e+12	-0.788835
604	2	0.404935	-inf	-248.955	inf	13.6902	1	inf	0.404935
605	2	-1.09542	-239.972	-352.157	1.90041e-49	0.0296382	1	5.63246e-51	0.404935
606	2	-0.624568	-340.758	-inf	0	0.113942	1	0	0.404935
607	2	2.89336	-241.044	-inf	0	2.39424	1	0	0.404935
608	2	1.82006	-250.795	-493.382	4.42429e-106	3.51109	1	1.55341e-105	0.404935
609	2	-0.475088	-201.212	-249.691	8.82758e-22	0.166808	1	1.47251e-22	0.404935
610	2	-0.157841	-263.953	-259.15	121.856	0.347837	1	42.3859	-0.157841
611	2	0.127669	-233.919	-232.461	4.29625	1.77771	1	7.6375	0.127669
612	2	-0.289103	-216.312	-244.001	9.44121e-13	0.420132	1	3.96656e-13	0.127669
613	2	1.03477	-261.285	-294.512	3.7125e-15	3.62183	1	1.3446e-14	0.127669
614	2	0.533199	-275.967	-326.964	7.12056e-23	1.96808	1	1.40138e-22	0.127669
615	2	0.563967	-212.801	-inf	0	2.05796	1	0	0.127669
616	2	-0.202743	-198.958	-244.65	1.43188e-20	0.510061	1	7.30345e-21	0.127669
617	2	0.0839759	-257.491	-179.692	6.13096e+33	0.92057	1	5.64398e+33	0.0839759
618	2	0.237145	-243.156	-262.472	4.08462e-09	1.32544	1	5.41393e-09	0.0839759
619	2	0.825358	-273.27	-258.634	2.27192e+06	3.14458	1	7.14425e+06	0.825358
620	2	-0.322268	-292.186	-258.469	4.39997e+14	0.134449	1	5.91571e+13	-0.322268
621	2	0.352288	-287.294	-304.417	3.65752e-08	3.81517	1	1.39541e-07	-0.322268
622	2	1.19446	-221.741	-354.974	1.37303e-58	10.719	1	1.47175e-57	-0.322268
623	2	-0.431018	-260.736	-197.184	3.98184e+27	0.772238	1	3.07493e+27	-0.431018
624	2	-0.871871	-251.49	-382.574	1.17739e-57	0.31071	1	3.65827e-58	-0.431018
625	2	1.00403	-238.411	-247.093	0.000169707	11.6925	1	0.00198431	-0.431018
626	2	-0.688195	-319.828	-inf	0	0.517746	1	0	-0.431018
627	2	0.734957	-inf	-230.666	inf	8.62581	1	inf	0.734957
628	2	2.0236	-320.882	-365.25	5.38338e-20	2.22529	1	1.19796e-19	0.734957
629	2	2.23849	-318.069	-441.656	2.12154e-54	2.1635	1	4.58995e-54	0.734957
630	2	1.49083	-280.067	-263.733	1.2403e+07	1.95529	1	2.42515e+07	1.49083
631	2	1.16975	-368.338	-333.218	1.78934e+15	0.806516	1	1.44313e+15	1.16975
632	2	1.55227	-234.224	-368.365	5.54056e-59	1.27689	1	7.07467e-59	1.16975
633	2	-0.99902	-inf	-180.763	inf	0.0157266	1	inf	-0.99902
634	2	-1.56763	-272.538	-399.537	7.00179e-56	0.154597	1	1.08246e-56	-0.99902
635	2	-0.396971	-312.683	-170.825	4.05989e+61	5.075	1	2.06039e+62	-0.396971
636	2	-1.60668	-303.456	-409.286	1.0935e-46	0.0264807	1	2.89567e-48	-0.396971
637	2	0.684926	-209.739	-248.861	1.02126e-17	7.4486	1	7.60698e-17	-0.396971
638	2	-0.488541	-256.793	-302.389	1.57669e-20	0.799569	1	1.26067e-20	-0.396971
639	2	0.0292215	-265.861	-246.196	3.47201e+08	2.53641	1	8.80646e+08	0.0292215
640	2	1.41432	-226.113	-394.957	4.69736e-74	5.87364	1	2.75906e-73	0.0292215
641	2	0.233031	-215.802	-296.703	7.33343e-36	1.46359	1	1.07331e-35	0.0292215
642	2	0.527106	-inf	-315.567	inf	2.35673	1	inf	0.527106
643	2	0.894329	-274.049	-306.019	1.30442e-14	1.60553	1	2.09428e-14	0.527106
644	2	2.52401	-247.476	-525.372	2.04797e-121	2.57903	1	5.28177e-121	0.527106
645	2	1.56881	-360.891	-408.577	1.95133e-21	2.69593	1	5.26066e-21	0.527106
646	2	0.420013	-300.076	-251.956	7.90973e+20	0.849191	1	6.71687e+20	0.420013
647	2	-1.76578	-287.589	-369.048	4.19549e-36	0.00290192	1	1.2175e-38	0.420013
648	2	0.663918	-339.874	-286.739	1.1917e+23	1.42707	1	1.70063e+23	0.663918
649	2	0.501852	-313.554	-173.315	8.033e+60	0.794799	1	6.38462e+60	0.501852
650	2	0.555157	-222.914	-268.719	1.27982e-20	1.0816	1	1.38424e-20	0.501852
651	2	0.371226	-251.662	-333.415	3.12692e-36	0.815276	1	2.5493e-36	0.501852
652	2	1.09292	-285.201	-182.578	3.70232e+44	2.03567	1	7.53669e+44	1.09292
653	2	1.93939	-411.103	-inf	0	1.50616	1	0	1.09292
654	2	1.36325	-192.776	-309.543	1.94384e-51	1.23204	1	2.39489e-51	1.09292
655	2	0.467287	-317.832	-295.723	3.99828e+09	0.46617	1	1.86388e+09	0.467287
656	2	1.57377	-275.743	-inf	0	2.95579	1	0	0.467287
657	2	0.99603	-182.918	-299.377	2.6451e-51	1.95546	1	5.17239e-51	0.467287
658	2	0.152403	-329.364	-283.45	8.71374e+19	0.58731	1	5.11767e+19	0.152403
659	2	-0.981291	-233.725	-347.476	3.96783e-50	0.0647487	1	2.56912e-51	0.152403
660	2	-0.807058	-206.396	-inf	0	0.107208	1	0	0.152403
661	2	0.12768	-227.333	-278.67	5.06585e-23	0.955057	1	4.83817e-23	0.152403
662	2	-0.917724	-273.245	-333.163	9.49665e-27	0.0781013	1	7.41701e-28	0.152403
663	2	2.47758	-279.995	-412.434	3.03765e-58	4.91734	1	1.49372e-57	0.152403
664	2	-0.574332	-283.764	-254.191	6.96913e+12	0.200531	1	1.39753e+12	-0.574332
665	2	-0.617218	-344.188	-187.65	9.62965e+67	0.89465	1	8.61516e+67	-0.617218
666	2	-0.23746	-inf	-284.004	inf	2.51382	1	inf	-0.23746
667	2	-0.616765	-306.519	-173.844	4.16784e+57	0.398274	1	1.65994e+57	-0.616765
668	2	-2.28056	-245.013	-427.238	7.25909e-80	0.00322166	1	2.33863e-82	-0.616765
669	2	-0.673741	-256.576	-328.776	4.40836e-32	0.860092	1	3.7916e-32	-0.616765
670	2	-0.980807	-365.663	-253.676	4.31537e+48	0.361001	1	1.55785e+48	-0.980807
671	2	-1.28258	-318.223	-441.233	3.78023e-54	0.388657	1	1.46921e-54	-0.980807
672	2	-1.90707	-288.918	-421.739	2.07414e-58	0.0411717	1	8.53959e-60	-0.980807
673	2	-1.62838	-344.253	-260.914	1.56159e+36	0.11766	1	1.83736e+35	-1.62838
674	2	-2.85015	-344.066	-inf	0	0.00563135	1	0	-1.62838
675	2	-2.13262	-365.242	-299.332	4.20724e+28	0.141324	1	5.94583e+27	-2.13262
676	2	-2.60022	-442.958	-516.825	8.31035e-33	0.129804	1	1.07872e-33	-2.13262
677	2	-1.29059	-425.026	-446.009	7.71623e-10	22.7664	1	1.75671e-08	-2.13262
678	2	-3.83745	-296.665	-inf	0	0.000203746	1	0	-2.13262
679	2	-2.48886	-371.536	-506.74	1.91406e-59	0.215308	1	4.12112e-60	-2.13262
680	2	-1.21669	-inf	-291.288	inf	28.9544	1	inf	-1.21669
681	2	-0.653756	-331.655	-250.671	1.48249e+35	5.21912	1	7.73729e+35	-0.653756
682	2	-0.398076	-219.198	-302.516	6.53385e-37	1.90756	1	1.24637e-36	-0.653756
683	2	0.304646	-234.577	-243.646	0.000115234	8.03734	1	0.000926178	-0.653756
684	2	0.350814	-208.681	-310.936	3.90268e-45	8.68245	1	3.38848e-44	-0.653756
685	2	0.00687153	-211.781	-inf	0	4.64101	1	0	-0.653756
686	2	-2.55438	-367.816	-472.135	4.94974e-46	0.00105948	1	5.24416e-49	-0.653756
687	2	0.534103	-inf	-355.176	inf	11.5511	1	inf	0.534103
688	2	-0.210373	-250.638	-326.241	1.4658e-33	0.254502	1	3.73049e-34	0.534103
689	2	-0.481475	-226.027	-249.916	4.21543e-11	0.134737	1	5.67975e-12	0.534103
690	2	0.927676	-234.537	-243.141	0.000183484	1.64788	1	0.000302358	0.534103
691	2	1.28529	-258.408	-278.737	1.48361e-09	2.26828	1	3.36525e-09	0.534103
692	2	1.32577	-inf	-385.509	inf	2.33295	1	inf	1.32577
693	2	0.689023	-360.55	-inf	0	0.531508	1	0	1.32577
694	2	0.182376	-393.216	-350.656	3.04499e+18	0.240608	1	7.32651e+17	0.182376
695	2	-0.770308	-276.309	-inf	0	0.11243	1	0	0.182376
696	2	2.60025	-146.81	-532.139	4.50279e-168	4.35676	1	1.96176e-167	0.182376
697	2	1.28748	-362.649	-300.716	7.89119e+26	4.04724	1	3.19375e+27	1.28748
698	2	0.664635	-403.448	-inf	0	0.528477	1	0	1.28748
699	2	2.73719	-292.585	-540.428	2.3068e-108	0.982281	1	2.26592e-108	1.28748
700	2	1.24559	-317.547	-324.546	0.000912156	0.969747	1	0.000884561	1.28748
701	2	3.26867	-341.329	-430.462	1.94934e-39	0.576419	1	1.12364e-39	1.28748
702	2	1.66109	-290.416	-401.571	5.32044e-49	1.21703	1	6.47514e-49	1.28748
703	2	0.166049	-280.56	-243.105	1.84871e+16	0.239825	1	4.43367e+15	0.166049
704	2	-0.228829	-262.732	-430.576	1.27717e-73	0.448363	1	5.72637e-74	0.166049
705	2	-1.00121	-242.23	-302.227	8.78321e-27	0.05949	1	5.22513e-28	0.166049
706	2	-1.48369	-219.577	-352.162	2.62345e-58	0.0124461	1	3.26516e-60	0.166049
707	2	0.586282	-292.218	-227.338	1.50259e+28	1.9786	1	2.97302e+28	0.586282
708	2	-0.0920344	-286.825	-229.425	8.47669e+24	0.304524	1	2.58136e+24	-0.0920344
709	2	-0.938633	-296.339	-337.237	1.73075e-18	0.118899	1	2.05785e-19	-0.0920344
710	2	1.46933	-270.067	-344.541	4.5348e-33	7.74851	1	3.5138e-32	-0.0920344
711	2	-0.798686	-257.267	-269.85	3.4281e-06	0.177636	1	6.08955e-07	-0.0920344
712	2	-0.805176	-222.751	-inf	0	0.174435	1	0	-0.0920344
713	2	0.070626	-282.189	-255.781	2.94247e+11	1.38689	1	4.08088e+11	0.070626
714	2	0.315274	-inf	-239.392	inf	1.55596	1	inf	0.315274
715	2	1.67676	-261.054	-362.46	9.11933e-45	3.92321	1	3.5777e-44	0.315274
716	2	-1.27658	-222.143	-310.819	3.08062e-39	0.0192771	1	5.93855e-41	0.315274
717	2	0.249798	-185.021	-322.968	1.23132e-60	0.89364	1	1.10035e-60	0.315274
718	2	-0.39822	-inf	-344.292	inf	0.233032	1	inf	-0.39822
719	2	0.176649	-290.592	-284.228	580.714	3.36499	1	1954.1	0.176649
720	2	1.64879	-271.771	-400.911	8.22877e-57	4.95615	1	4.0783e-56	0.176649
721	2	-0.104684	-225.979	-254.198	5.55872e-13	0.575484	1	3.19895e-13	0.176649
722	2	0.906819	-282.198	-353.321	1.29263e-31	2.9002	1	3.7489e-31	0.176649
723	2	-0.684952	-262.084	-345.747	4.62852e-37	0.143391	1	6.6369e-38	0.176649
724	2	0.729948	-210.631	-255.797	2.42565e-20	2.35323	1	5.7081e-20	0.176649
725	2	0.671013	-275.526	-291.394	1.28441e-07	2.17973	1	2.79966e-07	0.176649
726	2	0.0298011	-204.541	-333.953	6.26424e-57	0.756889	1	4.74133e-57	0.176649
727	2	2.0199	-267.75	-354.084	3.20432e-38	5.2704	1	1.6888e-37	0.176649
728	2	-0.726123	-251.379	-230.751	9.09587e+08	0.128276	1	1.16678e+08	-0.726123
729	2	-2.44072	-inf	-520.112	inf	0.00214606	1	inf	-2.44072
730	2	-2.08698	-458.453	-414.792	9.1497e+18	4.51904	1	4.13479e+19	-2.08698
731	2	-2.76316	-314.276	-484.097	1.76889e-74	0.0501784	1	8.87599e-76	-2.08698
732	2	-1.56303	-418.635	-343.658	3.64883e+32	7.41951	1	2.70725e+33	-1.56303
733	2	-2.82403	-inf	-465.793	inf	0.00505172	1	inf	-2.82403
734	2	-2.19525	-490.681	-405.807	7.2484e+36	17.0396	1	1.2351e+38	-2.19525
735	2	-1.81629	-448.063	-429.11	1.70298e+08	4.56324	1	7.77111e+08	-1.81629
736	2	-1.26545	-406.685	-277.965	7.98568e+55	7.03187	1	5.61542e+56	-1.26545
737	2	0.161796	-347.318	-272.015	5.05059e+32	38.1713	1	1.92788e+34	0.161796
738	2	0.128437	-257.025	-184.509	3.1132e+31	0.939998	1	2.92641e+31	0.128437
739	2	0.972398	-245.371	-342.196	8.90466e-43	3.3987	1	3.02642e-42	0.128437
740	2	0.284579	-340.915	-170.647	8.84045e+73	1.32318	1	1.16975e+74	0.284579
741	2	0.395034	-275.839	-237.175	6.18953e+16	1.20127	1	7.43528e+16	0.395034
742	2	-0.398304	-370.823	-302.422	5.08516e+29	0.204339	1	1.0391e+29	-0.398304
743	2	0.870457	-219.799	-284.818	5.78507e-29	9.37454	1	5.42324e-28	-0.398304
744	2	-0.183779	-inf	-296.44	inf	1.63474	1	inf	-0.183779
745	2	-3.01086	-222.732	-526.077	1.81465e-132	3.83055e-05	1	6.9511e-137	-0.183779
746	2	0.760645	-341.27	-328.792	262388	5.03516	1	1.32117e+06	0.760645
747	2	2.03746	-402.35	-344.937	8.59632e+24	2.15394	1	1.8516e+25	2.03746
748	2	0.270362	-inf	-309.903	inf	0.224221	1	inf	0.270362
749	2	0.698749	-289.723	-255.628	6.41694e+14	1.914	1	1.22821e+15	0.698749
750	2	-0.488141	-249.524	-287.672	2.70796e-17	0.105526	1	2.8576e-18	0.698749
751	2	1.21298	-251.419	-326.359	2.84426e-33	1.71074	1	4.8658e-33	0.698749
752	2	0.67421	-183.772	-311.266	4.26261e-56	0.968281	1	4.1274e-56	0.698749
753	2	1.0837	-271.201	-304.425	3.72255e-15	1.53239	1	5.7044e-15	0.698749
754	2	1.17983	-253.185	-275.014	3.31048e-10	1.66576	1	5.51448e-10	0.698749
755	2	1.36721	-273.912	-317.427	1.26484e-19	1.90868	1	2.41417e-19	0.698749
756	2	1.92357	-inf	-356.673	inf	2.32497	1	inf	1.92357
757	2	1.39121	-441.217	-462.47	5.8871e-10	0.833275	1	4.90557e-10	1.92357
758	2	0.95505	-335.789	-inf	0	0.58098	1	0	1.92357
759	2	0.930265	-319.092	-197.951	4.08202e+52	0.565952	1	2.31023e+52	0.930265
760	2	0.00352133	-274.676	-inf	0	0.241522	1	0	0.930265
761	2	0.160387	-244.674	-287.746	1.96779e-19	0.326305	1	6.421e-20	0.930265
762	2	2.3946	-238.418	-496.551	7.83454e-113	1.63937	1	1.28437e-112	0.930265
763	2	-0.494927	-inf	-261.921	inf	0.0788535	1	inf	-0.494927
764	2	0.219419	-302.718	-272.721	1.06545e+13	4.60479	1	4.90619e+13	0.219419
765	2	1.24515	-344.324	-305.301	8.85821e+16	3.67052	1	3.25142e+17	1.24515
766	2	2.8836	-299.95	-515.425	2.63332e-94	0.899902	1	2.36973e-94	1.24515
767	2	1.31312	-404.268	-310.328	6.27374e+40	1.05022	1	6.58883e+40	1.31312
768	2	0.369626	-350.252	-209.717	1.08092e+61	0.335155	1	3.62276e+60	0.369626
769	2	0.109198	-338.878	-230.158	1.64496e+47	0.632227	1	1.03999e+47	0.109198
770	2	0.55075	-240.819	-inf	0	2.0905	1	0	0.109198
771	2	0.132416	-249.253	-245.358	49.1787	1.0446	1	51.372	0.132416
772	2	-0.524427	-331.662	-297.819	4.98833e+14	0.236352	1	1.179e+14	-0.524427
773	2	-1.87943	-309.616	-395.756	3.89186e-38	0.0130547	1	5.0807e-40	-0.524427
774	2	-0.925706	-326.418	-354.221	8.41984e-13	0.335038	1	2.82097e-13	-0.524427
775	2	0.833587	-297.665	-inf	0	12.2571	1	0	-0.524427
776	2	-0.000127545	-258.58	-240.124	1.03618e+08	3.27432	1	3.3928e+08	-0.000127545
777	2	-0.195171	-303.09	-267.216	3.80396e+15	0.664226	1	2.52669e+15	-0.195171
778	2	0.56429	-245.85	-231.613	1.52375e+06	3.96996	1	6.04924e+06	0.56429
779	2	1.52908	-264.749	-352.233	1.01408e-38	2.50866	1	2.54399e-38	0.56429
780	2	0.976844	-inf	-325.12	inf	1.66065	1	inf	0.976844
781	2	0.614352	-248.777	-236.211	286807	0.646239	1	185346	0.614352
782	2	1.47403	-inf	-291.391	inf	2.27434	1	inf	1.47403
783	2	0.634985	-316.31	-401.113	1.48209e-37	0.452344	1	6.70415e-38	1.47403
784	2	1.83922	-361.373	-403.766	3.87817e-19	1.1336	1	4.39628e-19	1.47403
785	2	-0.593536	-301.174	-170.68	4.7075e+56	0.03976	1	1.8717e+55	-0.593536
786	2	-0.114647	-inf	-188.704	inf	3.08746	1	inf	-0.114647
787	2	0.97999	-293.882	-300.851	0.000940336	5.56033	1	0.00522858	-0.114647
788	2	1.2876	-249.809	-327.496	1.82323e-34	7.25802	1	1.32331e-33	-0.114647
789	2	-1.95597	-inf	-412.518	inf	0.0037389	1	inf	-1.95597
790	2	-1.9357	-441.293	-376.973	8.58539e+27	1.08323	1	9.29999e+27	-1.9357
791	2	-1.11956	-347.001	-310.706	5.78959e+15	17.7973	1	1.03039e+17	-1.11956
792	2	-1.37842	-343.548	-309.593	5.57874e+14	0.431272	1	2.40595e+14	-1.37842
793	2	0.434723	-301.948	-276.819	8.19371e+10	88.3939	1	7.24274e+12	0.434723
794	2	1.26389	-286.145	-inf	0	2.59639	1	0	0.434723
795	2	1.71618	-inf	-385.613	inf	3.26993	1	inf	1.71618
796	2	2.6653	-294.91	-inf	0	0.834407	1	0	1.71618
797	2	0.613294	-356.673	-282.481	1.66476e+32	0.398041	1	6.62645e+31	0.613294
798	2	0.18912	-284.164	-241.914	2.23282e+18	0.507547	1	1.13326e+18	0.18912
799	2	-0.800851	-317.74	-232.315	1.25838e+37	0.102004	1	1.28361e+36	-0.800851
800	2	-2.02086	-360.613	-479.995	1.42187e-52	0.0155878	1	2.21638e-54	-0.800851
801	2	-1.02702	-350.283	-237	1.57773e+49	0.517353	1	8.16243e+48	-1.02702
802	2	0.298567	-318.32	-260.359	1.48579e+25	22.9651	1	3.41213e+26	0.298567
803	2	1.51313	-348.886	-359.118	3.60041e-05	3.77694	1	0.000135985	0.298567
804	2	0.740872	-346.025	-275.737	3.35579e+30	1.92463	1	6.45867e+30	0.740872
805	2	0.147139	-280.132	-inf	0	0.39699	1	0	0.740872
806	2	0.681877	-inf	-238.765	inf	0.926796	1	inf	0.681877
807	2	1.72972	-inf	-310.606	inf	2.29837	1	inf	1.72972
808	2	1.46734	-366.306	-inf	0	0.900019	1	0	1.72972
809	2	-0.805968	-inf	-260.008	inf	0.0202378	1	inf	-0.805968
810	2	-1.16296	-273.1	-344.821	7.11355e-32	0.344582	1	2.4512e-32	-0.805968
811	2	-2.2921	-263.843	-512.522	1.0003e-108	0.00512143	1	5.12298e-111	-0.805968
812	2	-0.9715	-313.502	-296.383	2.71921e+07	0.619912	1	1.68567e+07	-0.9715
813	2	-0.343411	-300.263	-266.399	5.09448e+14	5.3075	1	2.70389e+15	-0.343411
814	2	-1.22533	-218.307	-240.327	2.73511e-10	0.0858115	1	2.34704e-11	-0.343411
815	2	1.17311	-324.401	-289.514	1.41661e+15	11.0664	1	1.56767e+16	1.17311
816	2	2.35456	-320.939	-510.171	6.56939e-83	1.32183	1	8.68363e-83	1.17311
817	2	0.905762	-362.433	-284.934	4.54449e+33	0.773519	1	3.51525e+33	0.905762
818	2	-0.800926	-345.494	-inf	0	0.0360116	1	0	0.905762
819	2	1.56776	-398.317	-363.931	8.58741e+14	1.65742	1	1.4233e+15	1.56776
820	2	3.58777	-416.792	-617.64	5.92624e-88	0.311269	1	1.84465e-88	1.56776
821	2	2.32336	-325.884	-454.748	1.08387e-56	1.04199	1	1.12938e-56	1.56776
822	2	1.06279	-318.76	-299.091	3.48384e+08	0.707676	1	2.46543e+08	1.06279
823	2	0.893626	-377.658	-336.868	5.19e+17	0.841266	1	4.36617e+17	0.893626
824	2	1.36693	-228.488	-291.186	5.89346e-28	1.5093	1	8.89498e-28	0.893626
825	2	1.81207	-243.702	-336.121	7.29204e-41	1.81189	1	1.32124e-40	0.893626
826	2	0.176999	-354.058	-306.427	4.8513e+20	0.350066	1	1.69827e+20	0.176999
827	2	1.53518	-237.234	-297.047	1.05617e-26	4.72863	1	4.99426e-26	0.176999
828	2	0.886522	-293.056	-368.015	2.79029e-33	2.83417	1	7.90815e-33	0.176999
829	2	0.448531	-218.839	-271.563	1.26533e-23	1.58113	1	2.00065e-23	0.176999
830	2	-1.41997	-inf	-inf	-nan	0.0152007	1	-nan	0.176999
831	2	-1.5307	-321.955	-364.111	4.91961e-19	0.010345	1	5.08934e-21	0.176999
832	2	-1.40335	-231.986	-327.026	5.30397e-42	0.0160873	1	8.53267e-44	0.176999
833	2	0.336265	-inf	-338.217	inf	1.32004	1	inf	0.336265
834	2	0.848375	-261.88	-380.579	2.81756e-52	2.05626	1	5.79362e-52	0.336265
835	2	-0.67206	-218.856	-352.321	1.08861e-58	0.112371	1	1.22328e-59	0.336265
836	2	0.601568	-246.587	-319.454	2.26068e-32	1.5011	1	3.39352e-32	0.336265
837	2	0.500554	-295.247	-221.321	1.27512e+32	1.29672	1	1.65347e+32	0.500554
838	2	0.447473	-348.198	-218.116	3.11704e+56	0.922193	1	2.87451e+56	0.447473
839	2	-0.195955	-268.279	-227.907	3.41385e+17	0.299411	1	1.02214e+17	-0.195955
840	2	0.604438	-273.392	-159.616	2.58343e+49	4.20937	1	1.08746e+50	0.604438
841	2	0.41357	-361.549	-327.549	5.8308e+14	0.752328	1	4.38667e+14	0.41357
842	2	0.261758	-305.54	-275.987	6.837e+12	0.776964	1	5.3121e+12	0.261758
843	2	0.975719	-293.52	-247.4	1.07083e+20	2.68094	1	2.87084e+20	0.975719
844	2	2.09045	-322.101	-349.768	9.64307e-13	1.68284	1	1.62278e-12	0.975719
845	2	0.198951	-331.431	-213.107	2.44212e+51	0.333767	1	8.15097e+50	0.198951
846	2	0.18318	-255.452	-304.706	4.0674e-22	0.971874	1	3.953e-22	0.198951
847	2	0.555692	-264.624	-301.022	1.55661e-16	1.78403	1	2.77704e-16	0.198951
848	2	0.983099	-294.994	-208.589	3.34976e+37	3.01875	1	1.01121e+38	0.983099
849	2	1.44437	-337.907	-379.366	9.87344e-19	1.43718	1	1.41899e-18	0.983099
850	2	1.18945	-inf	-318.263	inf	1.2075	1	inf	1.18945
851	2	2.4808	-389.492	-545.839	1.25764e-68	1.23727	1	1.55604e-68	1.18945
852	2	-0.154176	-380.207	-145.78	6.46146e+101	0.136457	1	8.81714e+100	-0.154176
853	2	0.365016	-161.225	-167.985	0.00115977	2.6742	1	0.00310145	-0.154176
854	2	-0.937305	-inf	-192.992	inf	0.136198	1	inf	-0.937305
855	2	-1.6023	-226.219	-357.82	7.02555e-58	0.113676	1	7.98635e-59	-0.937305
856	2	0.588804	-259.5	-290.563	3.23306e-14	27.609	1	8.92616e-13	-0.937305
857	2	0.461699	-inf	-294	inf	22.8899	1	inf	0.461699
858	2	-0.594794	-307.33	-220.363	5.8771e+37	0.11267	1	6.62172e+36	-0.594794
859	2	-0.20158	-314.132	-226.634	9.98915e+37	2.56768	1	2.56489e+38	-0.20158
860	2	0.388727	-241.231	-228.279	421701	3.08138	1	1.29942e+06	0.388727
861	2	-0.157657	-203.326	-278.674	1.8916e-33	0.357135	1	6.75557e-34	0.388727
862	2	0.72779	-325.191	-232.897	1.20983e+40	1.63043	1	1.97253e+40	0.72779
863	2	0.349686	-259.181	-181.295	6.68831e+33	0.575503	1	3.84915e+33	0.349686
864	2	0.442509	-294.358	-380.518	3.81466e-38	1.16053	1	4.42704e-38	0.349686
865	2	2.39429	-253.381	-404.393	2.60798e-66	3.61118	1	9.41789e-66	0.349686
866	2	-0.140331	-226.022	-194.786	3.67664e+13	0.395052	1	1.45246e+13	-0.140331
867	2	0.43388	-346.372	-313.34	2.21666e+14	2.89835	1	6.42467e+14	0.43388
868	2	0.0491717	-299.938	-292.423	1834.58	0.508393	1	932.686	0.0491717
869	2	-0.380711	-270.652	-245.66	7.14383e+10	0.394149	1	2.81573e+10	-0.380711
870	2	0.885687	-353.797	-279.986	1.13673e+32	9.14351	1	1.03937e+33	0.885687
871	2	-0.787074	-273.764	-inf	0	0.0382717	1	0	0.885687
872	2	1.04235	-316.465	-inf	0	1.17622	1	0	0.885687
873	2	0.574205	-316.863	-217.31	1.72013e+43	0.673277	1	1.15812e+43	0.574205
874	2	0.506025	-inf	-237.373	inf	0.905259	1	inf	0.506025
875	2	-0.528715	-258.591	-271.091	3.7259e-06	0.124778	1	4.6491e-07	0.506025
876	2	0.564072	-206.655	-242.118	3.96904e-16	1.08876	1	4.32132e-16	0.506025
877	2	0.227251	-254.705	-219.025	3.12953e+15	0.634233	1	1.98485e+15	0.227251
878	2	-0.850879	-293.203	-211.696	2.49969e+35	0.0827082	1	2.06745e+34	-0.850879
879	2	0.13929	-308.266	-inf	0	10.3051	1	0	-0.850879
880	2	0.981931	-260.949	-270.644	6.16147e-05	34.6578	1	0.00213543	-0.850879
881	2	-0.274405	-330.455	-315.852	2.19621e+06	4.38109	1	9.62177e+06	-0.274405
882	2	-0.46864	-282.845	-299.791	4.37171e-08	0.630884	1	2.75804e-08	-0.274405
883	2	1.49047	-inf	-314.888	inf	11.6656	1	inf	1.49047
884	2	-0.310063	-382.633	-178.082	6.84522e+88	0.078994	1	5.40731e+87	-0.310063
885	2	-1.32027	-172.697	-319.257	2.23687e-64	0.0581979	1	1.30181e-65	-0.310063
886	2	-0.835593	-238.71	-192.674	9.83901e+19	0.258697	1	2.54532e+19	-0.835593
887	2	-2.29846	-249.896	-433.539	1.75719e-80	0.0054176	1	9.51973e-83	-0.835593
888	2	0.268357	-212.418	-266.812	2.38348e-24	12.4411	1	2.9653e-23	-0.835593
889	2	-1.52162	-251.853	-302.923	6.61871e-23	0.112971	1	7.47723e-24	-0.835593
890	2	-1.72281	-314.526	-427.822	6.25135e-50	0.0545103	1	3.40762e-51	-0.835593
891	2	-1.90694	-360.455	-465.248	3.08217e-46	0.0270036	1	8.32296e-48	-0.835593
892	2	-2.34783	-276.043	-506.4	9.06251e-101	0.00437647	1	3.96618e-103	-0.835593
893	2	0.363666	-inf	-256.887	inf	14.607	1	inf	0.363666
894	2	0.0254255	-251.889	-344.066	9.29209e-41	0.542983	1	5.04545e-41	0.363666
895	2	2.05086	-216.121	-inf	0	3.80951	1	0	0.363666
896	2	0.0208436	-264.278	-366.47	4.15444e-45	0.538087	1	2.23545e-45	0.363666
897	2	0.874841	-233.876	-278.148	5.92453e-20	2.02547	1	1.2e-19	0.363666
898	2	3.2984	-inf	-449.474	inf	1.64192	1	inf	3.2984
899	2	4.83682	-inf	-640.247	inf	0.0415508	1	inf	4.83682
900	2	5.9321	-647.624	-731.328	4.44364e-37	0.0245521	1	1.09101e-38	4.83682
901	2	6.26111	-694.067	-inf	0	0.00637895	1	0	4.83682
902	2	4.47693	-679.998	-715.419	4.13978e-16	2.60171	1	1.07705e-15	4.83682
903	2	4.14205	-643.208	-546.029	1.59964e+42	5.63831	1	9.01925e+42	4.14205
904	2	4.13314	-662.577	-696.32	2.21664e-15	1.01923	1	2.25926e-15	4.14205
905	2	3.70582	-657.639	-614.299	6.6427e+18	2.31468	1	1.53757e+19	3.70582
906	2	3.87096	-720.822	-684.352	6.90102e+15	0.744282	1	5.1363e+15	3.87096
907	2	3.1618	-575.809	-536.907	7.84728e+16	2.93102	1	2.30005e+17	3.1618
908	2	4.00121	-621.339	-534.18	7.12482e+37	0.265135	1	1.88904e+37	4.00121
909	2	3.29859	-564.543	-inf	0	3.18754	1	0	4.00121
910	2	3.15922	-633.144	-483.904	6.51622e+64	3.78298	1	2.46508e+65	3.15922
911	2	2.6585	-525.48	-463.603	7.46279e+26	1.57631	1	1.17637e+27	2.6585
912	2	2.05352	-440.405	-inf	0	1.24033	1	0	2.6585
913	2	3.06561	-540.573	-inf	0	0.704014	1	0	2.6585
914	2	2.29592	-431.355	-462.602	2.68787e-14	1.1889	1	3.19559e-14	2.6585
915	2	2.77798	-450.287	-582.717	3.06404e-58	0.917761	1	2.81205e-58	2.6585
916	2	4.13749	-inf	-inf	-nan	0.126487	1	-nan	2.6585
917	2	2.06591	-495.509	-inf	0	1.23941	1	0	2.6585
918	2	3.04659	-509.403	-534.62	1.11763e-11	0.718301	1	8.02796e-12	2.6585
919	2	3.5663	-456.096	-618.453	3.08382e-71	0.364278	1	1.12337e-71	2.6585
920	2	1.62964	-inf	-343.383	inf	1.15978	1	inf	1.62964
921	2	1.80655	-366.046	-334.266	6.3376e+13	1.05114	1	6.66167e+13	1.80655
922	2	0.701685	-314.942	-266.819	7.9343e+20	0.43863	1	3.48022e+20	0.701685
923	2	1.90319	-248.109	-383.559	1.49545e-59	2.31203	1	3.45751e-59	0.701685
924	2	2.63369	-inf	-538.173	inf	1.90033	1	inf	2.63369
925	2	3.37769	-465.329	-561.331	2.02527e-42	0.473205	1	9.58369e-43	2.63369
926	2	0.66535	-inf	-346.535	inf	0.501645	1	inf	0.66535
927	2	0.126968	-273.308	-230.396	4.32877e+18	0.421693	1	1.82541e+18	0.126968
928	2	-0.600706	-280.281	-222.313	1.49679e+25	0.196378	1	2.93937e+24	-0.600706
929	2	-0.182595	-261.429	-244.147	3.20266e+07	2.71821	1	8.70552e+07	-0.182595
930	2	-0.93498	-249.506	-366.091	2.33159e-51	0.145848	1	3.40057e-52	-0.182595
931	2	0.0170254	-225.901	-303.005	3.266e-34	1.51553	1	4.94973e-34	-0.182595
932	2	-0.285158	-291.122	-192.937	4.37867e+42	0.795239	1	3.48209e+42	-0.285158
933	2	0.265336	-232.707	-265.84	4.07891e-15	3.02359	1	1.23329e-14	-0.285158
934	2	-0.197366	-225.253	-298.909	1.02769e-32	1.21746	1	1.25117e-32	-0.285158
935	2	0.38138	-269.376	-222.018	3.6949e+20	3.673	1	1.35714e+21	0.38138
936	2	-1.23104	-265.265	-294.893	1.35726e-13	0.0200434	1	2.72041e-15	0.38138
937	2	0.309103	-226.556	-346.471	8.34747e-53	0.887275	1	7.4065e-53	0.38138
938	2	0.316409	-306.745	-283.784	9.37296e+09	0.89828	1	8.41954e+09	0.316409
939	2	0.436557	-268.943	-225.154	1.04112e+19	1.21539	1	1.26536e+19	0.436557
940	2	1.41727	-357.398	-299.545	1.33398e+25	2.86449	1	3.82117e+25	1.41727
941	2	1.36192	-317.167	-294.388	7.81629e+09	0.966775	1	7.55659e+09	1.36192
942	2	1.45465	-347.804	-335.014	358592	1.0564	1	378818	1.45465
943	2	1.92903	-373.406	-428.783	8.90719e-25	1.15741	1	1.03093e-24	1.45465
944	2	0.368521	-365.561	-379.909	5.87431e-07	0.306617	1	1.80116e-07	1.45465
945	2	-0.270977	-286.232	-239.424	2.13177e+20	0.08804	1	1.87681e+19	-0.270977
946	2	0.00847674	-219.526	-235.492	1.16446e-07	1.81409	1	2.11244e-07	-0.270977
947	2	-0.684635	-239.334	-232.75	723.43	0.358809	1	259.573	-0.684635
948	2	-0.61131	-241.002	-324.269	6.88026e-37	1.2143	1	8.35467e-37	-0.684635
949	2	0.648312	-280.772	-270.03	46266.1	14.7332	1	681649	0.648312
950	2	1.89503	-342.747	-446.754	6.76706e-46	2.47941	1	1.67783e-45	0.648312
951	2	1.09818	-316.068	-302.054	1.21857e+06	1.66013	1	2.02299e+06	1.09818
952	2	0.464157	-392.579	-273.67	4.38416e+51	0.461732	1	2.02431e+51	0.464157
953	2	0.432949	-292.67	-233.164	6.96669e+25	0.952735	1	6.63741e+25	0.432949
954	2	1.00124	-199.409	-299.975	2.11247e-44	2.07314	1	4.37946e-44	0.432949
955	2	-0.055132	-inf	-260.176	inf	0.413144	1	inf	-0.055132
956	2	-0.0857837	-inf	-384.671	inf	0.938509	1	inf	-0.0857837
957	2	0.0930792	-259.351	-271.183	7.26952e-06	1.42914	1	1.03892e-05	-0.0857837
958	2	1.38885	-238.798	-383.407	1.57414e-63	7.30451	1	1.14983e-62	-0.0857837
959	2	-0.381539	-314.478	-260.938	1.78706e+23	0.516532	1	9.23073e+22	-0.381539
960	2	-0.579794	-210.424	-334.89	8.81255e-55	0.611522	1	5.38907e-55	-0.381539
961	2	1.14097	-180.218	-316.846	4.60469e-60	11.7858	1	5.42701e-59	-0.381539
962	2	-0.182788	-339.755	-365.087	9.95767e-12	1.57394	1	1.56728e-11	-0.381539
963	2	-0.602957	-298.381	-263.835	1.00765e+15	0.575896	1	5.803e+14	-0.602957
964	2	-2.39125	-inf	-474.617	inf	0.00192302	1	inf	-2.39125
965	2	-2.66949	-448.749	-476.168	1.23575e-12	0.283511	1	3.50349e-13	-2.39125
966	2	-3.35529	-inf	-inf	-nan	0.0091131	1	-nan	-2.39125
967	2	-2.02553	-475.995	-427.918	7.57245e+20	4.6605	1	3.52914e+21	-2.02553
968	2	-0.803228	-368.642	-208.341	4.14909e+69	64.9347	1	2.6942e+71	-0.803228
969	2	-0.165486	-274.275	-267.809	642.842	4.87627	1	3134.67	-0.165486
970	2	-0.994841	-315.554	-301.931	824564	0.11767	1	97026.3	-0.994841
971	2	1.18799	-332.318	-322.331	21746.3	63.7431	1	1.38618e+06	1.18799
972	2	2.13686	-inf	-506.33	inf	1.37756	1	inf	2.13686
973	2	2.59274	-459.515	-589.188	4.82856e-57	0.846786	1	4.08876e-57	2.13686
974	2	3.78145	-327.391	-583.149	8.42945e-112	0.20651	1	1.74076e-112	2.13686
975	2	1.25653	-457.365	-289.965	5.02466e+72	0.765669	1	3.84722e+72	1.25653
976	2	0.701067	-367.531	-280.962	3.94976e+37	0.567087	1	2.23986e+37	0.701067
977	2	0.834766	-inf	-255.669	inf	1.17907	1	inf	0.834766
978	2	1.64442	-416.669	-270.379	3.41162e+63	1.85089	1	6.31453e+63	1.64442
979	2	0.341826	-360.626	-243.396	8.17482e+50	0.269401	1	2.20231e+50	0.341826
980	2	0.689075	-287.119	-207.517	3.72186e+34	1.67449	1	6.23221e+34	0.689075
981	2	1.12827	-267.735	-281.2	1.41961e-06	1.61495	1	2.29259e-06	0.689075
982	2	2.80546	-267.005	-555.117	7.49218e-126	1.70724	1	1.27909e-125	0.689075
983	2	0.505783	-191.097	-269.059	1.38536e-34	0.773306	1	1.07131e-34	0.689075
984	2	0.380117	-259.618	-303.885	5.95699e-20	0.635878	1	3.78792e-20	0.689075
985	2	2.50722	-203.048	-522.458	1.91418e-139	2.07638	1	3.97456e-139	0.689075
986	2	0.60703	-338.05	-287.294	1.10381e+22	0.89501	1	9.87921e+21	0.60703
987	2	0.932646	-177.683	-293.093	7.55108e-51	1.49266	1	1.12712e-50	0.60703
988	2	-0.471019	-172.536	-inf	0	0.124583	1	0	0.60703
989	2	-1.18754	-246.945	-315.203	2.2708e-30	0.0164074	1	3.7258e-32	0.60703
990	2	2.28865	-276.898	-454.621	6.54454e-78	2.53077	1	1.65627e-77	0.60703
991	2	0.455212	-277.01	-326.729	2.55415e-22	0.800114	1	2.04361e-22	0.60703
992	2	0.0728715	-284.059	-211.717	2.61611e+31	0.412001	1	1.07784e+31	0.0728715
993	2	0.682613	-309.736	-287.371	5.16315e+09	2.68897	1	1.38836e+10	0.682613
994	2	-0.165305	-inf	-291.812	inf	0.228431	1	inf	-0.165305
995	2	1.30018	-289.01	-317.474	4.34606e-13	8.16124	1	3.54692e-12	-0.165305
996	2	-0.193786	-inf	-299.999	inf	0.939813	1	inf	-0.193786
997	2	-1.27602	-240.952	-inf	0	0.0518294	1	0	-0.193786
998	2	-0.104422	-197.168	-239.618	3.66559e-19	1.21173	1	4.44172e-19	-0.193786
999	2	-0.887911	-258.539	-349.848	2.21311e-40	0.171415	1	3.79361e-41	-0.193786
